
-1.01583308078291E+1,343784,3.42682276973867E+5,3.42712726569381E+5,3.42712456752145E+5
-1.01181566654756E+1,342909,3.42681066509675E+5,3.42712492670977E+5,3.42711480186357E+5
-1.0077982523122E+1,342507,3.42679802387973E+5,3.42712256037581E+5,3.42710452698051E+5
-1.00378083807685E+1,342514,3.42678480914221E+5,3.42712016626305E+5,3.42709370635576E+5
-9.997634238415,342965,3.42677098060302E+5,3.42711774393412E+5,3.4270823001455E+5
-9.95746009606147,343155,3.42675649427702E+5,3.42711529294303E+5,3.42707026481058E+5
-9.91728595370793,342700,3.42674130205897E+5,3.4271128128349E+5,3.42705755270066E+5
-9.87711181135439,343018,3.42672535125238E+5,3.4271103031458E+5,3.42704411158318E+5
-9.83693766900085,343065,3.42670858403472E+5,3.42710776340246E+5,3.42702988410885E+5
-9.79676352664731,342483,3.42669093684939E+5,3.42710519312215E+5,3.42701480720384E+5
-9.75658938429377,342138,3.42667233971267E+5,3.42710259181233E+5,3.42699881137693E+5
-9.71641524194023,341337,3.42665271542211E+5,3.42709995897051E+5,3.42698181992819E+5
-9.67624109958669,342864,3.42663197865021E+5,3.42709729408395E+5,3.42696374804285E+5
-9.63606695723315,342861,3.42661003490426E+5,3.42709459662943E+5,3.42694450175143E+5
-9.59589281487961,343312,3.42658677932973E+5,3.42709186607298E+5,3.42692397673335E+5
-9.55571867252607,342149,3.42656209533004E+5,3.42708910186962E+5,3.42690205693701E+5
-9.51554453017253,342587,3.42653585297068E+5,3.4270863034631E+5,3.42687861298417E+5
-9.47537038781899,342572,3.42650790712875E+5,3.42708347028559E+5,3.42685350031976E+5
-9.43519624546545,343769,3.42647809534177E+5,3.42708060175739E+5,3.42682655706098E+5
-9.39502210311191,343031,3.42644623529967E+5,3.42707769728667E+5,3.42679760148959E+5
-9.35484796075838,342189,3.42641212191249E+5,3.42707475626912E+5,3.42676642911996E+5
-9.31467381840483,343870,3.42637552387213E+5,3.42707177808766E+5,3.42673280926107E+5
-9.2744996760513,342055,3.42633617960869E+5,3.42706876211208E+5,3.4266964809732E+5
-9.23432553369776,342701,3.42629379252049E+5,3.42706570769876E+5,3.42665714829832E+5
-9.19415139134422,342268,3.42624802533029E+5,3.42706261419025E+5,3.42661447461663E+5
-9.15397724899068,343058,3.42619849338699E+5,3.427059480915E+5,3.42656807594859E+5
-9.11380310663714,342987,3.42614475669145E+5,3.4270563071869E+5,3.42651751298115E+5
-9.0736289642836,343237,3.42608631037448E+5,3.42705309230497E+5,3.42646228154611E+5
-9.03345482193006,342773,3.42602257329304E+5,3.42704983555295E+5,3.42640180121669E+5
-8.99328067957652,343634,3.42595287433336E+5,3.42704653619888E+5,3.42633540161107E+5
-8.95310653722298,342336,3.42587643591628E+5,3.42704319349471E+5,3.42626230589817E+5
-8.91293239486944,342252,3.4257923540854E+5,3.42703980667586E+5,3.42618161088614E+5
-8.8727582525159,342737,3.42569957442166E+5,3.42703637496077E+5,3.42609226293749E+5
-8.83258411016236,342535,3.42559686286723E+5,3.42703289755045E+5,3.42599302879338E+5
-8.79240996780882,342401,3.42548277035895E+5,3.42702937362804E+5,3.42588246020751E+5
-8.75223582545528,342496,3.42535558997623E+5,3.42702580235828E+5,3.42575885109454E+5
-8.71206168310174,342220,3.42521330512403E+5,3.42702218288704E+5,3.42562018571359E+5
-8.67188754074821,343267,3.42505352714425E+5,3.42701851434079E+5,3.42546407628006E+5
-8.63171339839467,342727,3.42487342077414E+5,3.42701479582608E+5,3.42528768842466E+5
-8.59153925604113,342475,3.4246696162234E+5,3.42701102642897E+5,3.42508765327102E+5
-8.55136511368759,342736,3.42443810764312E+5,3.42700720521451E+5,3.42485996590521E+5
-8.51119097133405,343069,3.42417413997958E+5,3.42700333122608E+5,3.42459987223009E+5
-8.47101682898051,342892,3.42387209063544E+5,3.42699940348487E+5,3.42430175062716E+5
-8.43084268662697,342578,3.42352536068103E+5,3.42699542098917E+5,3.42395900316845E+5
-8.39066854427343,341413,3.42312630531768E+5,3.4269913827138E+5,3.42356398608047E+5
-8.35049440191989,342458,3.42266625915758E+5,3.4269872876094E+5,3.42310803502477E+5
-8.31032025956635,342571,3.42213575465179E+5,3.42698313460175E+5,3.42258168352664E+5
-8.27014611721281,343151,3.42152509853742E+5,3.42697892259107E+5,3.42197523942295E+5
-8.22997197485927,342502,3.42082556495553E+5,3.42697465045126E+5,3.42127997798087E+5
-8.18979783250573,342546,3.42003157244311E+5,3.42697031702917E+5,3.42049031889053E+5
-8.14962369015219,341523,3.41914427820143E+5,3.42696592114379E+5,3.41960742053423E+5
-8.10944954779865,342352,3.41817689523084E+5,3.42696146158546E+5,3.41864449712198E+5
-8.06927540544511,341414,3.41716142359414E+5,3.42695693711498E+5,3.41763354995576E+5
-8.02910126309157,340902,3.41615502860339E+5,3.42695234646281E+5,3.41663174561718E+5
-7.98892712073804,340415,3.41524202984696E+5,3.42694768832813E+5,3.41572340499543E+5
-7.9487529783845,341866,3.41452577579417E+5,3.42694296137788E+5,3.41501187789289E+5
-7.90857883603096,341412,3.41410679437885E+5,3.42693816424586E+5,3.41459769360959E+5
-7.86840469367742,341720,3.41405194006063E+5,3.42693329553168E+5,3.41454770800555E+5
-7.82823055132388,340831,3.4143694619428E+5,3.42692835379977E+5,3.41487017161963E+5
-7.78805640897034,342028,3.41500570277517E+5,3.42692333757826E+5,3.41551142867351E+5
-7.7478822666168,341684,3.41586569046727E+5,3.42691824535791E+5,3.41637650858595E+5
-7.70770812426326,343026,3.41684418619401E+5,3.42691307559095E+5,3.41736017407966E+5
-7.66753398190972,342102,3.41785072231894E+5,3.42690782668987E+5,3.41837195910567E+5
-7.62735983955618,342225,3.41882110233329E+5,3.42690249702624E+5,3.41934766878365E+5
-7.58718569720264,342449,3.41971743154084E+5,3.42689708492936E+5,3.42024941008807E+5
-7.5470115548491,342017,3.42052237691917E+5,3.42689158868501E+5,3.42105985171076E+5
-7.50683741249556,341948,3.42123227793679E+5,3.426886006534E+5,3.42177533487939E+5
-7.46666327014202,341476,3.42185139916385E+5,3.42688033667082E+5,3.42240012596963E+5
-7.42648912778848,341807,3.42238791324945E+5,3.4268745772421E+5,3.42294239948395E+5
-7.38631498543494,341125,3.42285140419329E+5,3.42686872634512E+5,3.42341174132477E+5
-7.3461408430814,342836,3.4232514626418E+5,3.42686278202619E+5,3.42381774409221E+5
-7.30596670072786,341774,3.42359698121598E+5,3.42685674227901E+5,3.42416930241356E+5
-7.26579255837433,343262,3.42389586380287E+5,3.42685060504297E+5,3.4244743222365E+5
-7.22561841602079,342246,3.42415496257848E+5,3.42684436820133E+5,3.42473965785374E+5
-7.18544427366725,342027,3.42438012999726E+5,3.42683802957943E+5,3.42497116389442E+5
-7.14527013131371,343153,3.42457632117168E+5,3.42683158694271E+5,3.42517379770557E+5
-7.10509598896017,342344,3.42474771159728E+5,3.42682503799474E+5,3.42535173707913E+5
-7.06492184660663,342500,3.42489781244137E+5,3.42681838037517E+5,3.4255084955428E+5
-7.02474770425309,341769,3.42502957531023E+5,3.42681161165752E+5,3.42564702712931E+5
-6.98457356189955,341881,3.42514548363539E+5,3.42680472934699E+5,3.425769817765E+5
-6.94439941954601,342418,3.42524763048634E+5,3.42679773087811E+5,3.42587896308482E+5
-6.90422527719247,343101,3.42533778386124E+5,3.42679061361232E+5,3.42597623372552E+5
-6.86405113483893,342315,3.42541744098754E+5,3.42678337483542E+5,3.42606312962871E+5
-6.82387699248539,342083,3.42548787325147E+5,3.42677601175499E+5,3.42614092497308E+5
-6.78370285013185,342640,3.42555016327622E+5,3.42676852149764E+5,3.42621070525517E+5
-6.74352870777831,342243,3.42560523549208E+5,3.42676090110616E+5,3.42627339786251E+5
-6.70335456542477,343084,3.42565388134692E+5,3.42675314753657E+5,3.42632979728695E+5
-6.66318042307123,343240,3.42569678011773E+5,3.42674525765501E+5,3.42638058593931E+5
-6.6230062807177,341928,3.42573451611742E+5,3.42673722823457E+5,3.42642635135944E+5
-6.58283213836416,343217,3.42576759294757E+5,3.4267290559519E+5,3.42646760047226E+5
-6.54265799601062,342865,3.4257964453279E+5,3.42672073738376E+5,3.42650477142074E+5
-6.50248385365708,341911,3.4258214489341E+5,3.42671226900332E+5,3.42653824340738E+5
-6.46230971130354,341935,3.42584292859449E+5,3.42670364717643E+5,3.42656834489466E+5
-6.42213556895,342017,3.42586116513007E+5,3.42669486815763E+5,3.42659536044904E+5
-6.38196142659646,343180,3.42587640106887E+5,3.42668592808601E+5,3.42661953645946E+5
-6.34178728424292,342085,3.42588884542218E+5,3.42667682298091E+5,3.42664108591786E+5
-6.30161314188938,343048,3.42589867767476E+5,3.42666754873744E+5,3.42666019241392E+5
-6.26143899953584,342913,3.42590605111282E+5,3.42665810112172E+5,3.4266770134677E+5
-6.2212648571823,342443,3.42591109558986E+5,3.42664847576602E+5,3.42669168330043E+5
-6.18109071482876,342127,3.42591391981137E+5,3.42663866816362E+5,3.42670431512434E+5
-6.14091657247522,342484,3.42591461320368E+5,3.42662867366344E+5,3.42671500301683E+5
-6.10074243012168,342709,3.42591324741867E+5,3.42661848746443E+5,3.42672382343084E+5
-6.06056828776814,343600,3.42590987751542E+5,3.4266081046097E+5,3.42673083638232E+5
-6.0203941454146,342698,3.42590454284969E+5,3.42659751998041E+5,3.42673608634588E+5
-5.98022000306107,342076,3.4258972676943E+5,3.42658672828933E+5,3.42673960288157E+5
-5.94004586070753,342533,3.42588806160552E+5,3.42657572407415E+5,3.42674140100797E+5
-5.89987171835399,342636,3.4258769195438E+5,3.4265645016904E+5,3.42674148133E+5
-5.85969757600045,343063,3.42586382175045E+5,3.42655305530413E+5,3.42673982992291E+5
-5.81952343364691,342845,3.42584873337505E+5,3.42654137888416E+5,3.42673641796749E+5
-5.77934929129337,341813,3.4258316038417E+5,3.42652946619401E+5,3.42673120112428E+5
-5.73917514893983,341976,3.42581236593431E+5,3.42651731078341E+5,3.4267241186275E+5
-5.69900100658629,342905,3.42579093457346E+5,3.4265049059794E+5,3.42671509207066E+5
-5.65882686423275,342074,3.42576720524733E+5,3.42649224487701E+5,3.42670402384692E+5
-5.61865272187921,342719,3.42574105204866E+5,3.42647932032949E+5,3.42669079519577E+5
-5.57847857952567,342397,3.42571232525633E+5,3.42646612493798E+5,3.42667526379495E+5
-5.53830443717213,341299,3.42568084838483E+5,3.42645265104077E+5,3.42665726082065E+5
-5.49813029481859,343436,3.42564641460553E+5,3.42643889070192E+5,3.42663658738021E+5
-5.45795615246505,342930,3.4256087824209E+5,3.42642483569936E+5,3.42661301019813E+5
-5.41778201011151,342989,3.42556767044411E+5,3.42641047751239E+5,3.42658625640832E+5
-5.37760786775797,341714,3.42552275110171E+5,3.42639580730845E+5,3.42655600726986E+5
-5.33743372540443,342715,3.42547364303414E+5,3.4263808159293E+5,3.42652189058143E+5
-5.2972595830509,342287,3.42541990191612E+5,3.42636549387644E+5,3.42648347151628E+5
-5.25708544069736,341618,3.42536100935465E+5,3.42634983129572E+5,3.42644024153553E+5
-5.21691129834382,342067,3.42529635944415E+5,3.42633381796116E+5,3.42639160495958E+5
-5.17673715599028,342596,3.42522524246531E+5,3.42631744325796E+5,3.42633686268395E+5
-5.13656301363674,342461,3.42514682510465E+5,3.42630069616447E+5,3.42627519241678E+5
-5.0963888712832,342760,3.42506012644886E+5,3.42628356523327E+5,3.42620562469218E+5
-5.05621472892966,341980,3.42496398887755E+5,3.42626603857119E+5,3.42612701378295E+5
-5.01604058657612,342228,3.42485704285684E+5,3.42624810381818E+5,3.42603800251525E+5
-4.97586644422258,342084,3.42473766455902E+5,3.42622974812506E+5,3.42593697991056E+5
-4.93569230186904,342769,3.42460392526672E+5,3.42621095812996E+5,3.42582203061335E+5
-4.8955181595155,342241,3.42445353178991E+5,3.42619171993347E+5,3.42569087533303E+5
-4.85534401716196,342214,3.42428375785783E+5,3.42617201907234E+5,3.42554080226209E+5
-4.81516987480842,341746,3.4240913680494E+5,3.42615184049164E+5,3.42536859103436E+5
-4.77499573245488,342319,3.42387253899665E+5,3.42613116851535E+5,3.4251704339579E+5
-4.73482159010134,343754,3.42362278851949E+5,3.42610998681516E+5,3.42494186518093E+5
-4.6946474477478,342319,3.42333693395615E+5,3.42608827837748E+5,3.42467771905527E+5
-4.65447330539426,342798,3.42300911920814E+5,3.42606602546842E+5,3.42437215721631E+5
-4.61429916304072,342328,3.42263298003772E+5,3.42604320959668E+5,3.42401883391763E+5
-4.57412502068719,342827,3.42220206347202E+5,3.42601981147421E+5,3.42361131547441E+5
-4.53395087833365,342532,3.42171068148554E+5,3.42599581097437E+5,3.42314393398777E+5
-4.49377673598011,341559,3.42115545107485E+5,3.4259711870876E+5,3.42261332746385E+5
-4.45360259362657,342102,3.42053780930077E+5,3.42594591787424E+5,3.42202095490312E+5
-4.41342845127303,341698,3.41986768256159E+5,3.42591998041438E+5,3.4213767656238E+5
-4.37325430891949,341169,3.41916802930242E+5,3.42589335075455E+5,3.42070374202447E+5
-4.33308016656595,341501,3.41847893330297E+5,3.42586600385092E+5,3.42004199292864E+5
-4.29290602421241,341701,3.41785838614684E+5,3.42583791350887E+5,3.41944953611456E+5
-4.25273188185887,341462,3.41737592689501E+5,3.42580905231855E+5,3.41899593805306E+5
-4.21255773950533,340664,3.41709713564929E+5,3.42577939158617E+5,3.41874680753972E+5
-4.17238359715179,340954,3.41706292072506E+5,3.42574890126076E+5,3.4187430829409E+5
-4.13220945479825,341064,3.41727404943078E+5,3.42571754985588E+5,3.4189855630515E+5
-4.09203531244471,341976,3.41769082876594E+5,3.42568530436606E+5,3.41943458787648E+5
-4.05186117009117,342050,3.41824815496932E+5,3.42565213017743E+5,3.42002508826848E+5
-4.01168702773763,341019,3.41887624549009E+5,3.42561799097222E+5,3.42068731799447E+5
-3.97151288538409,342382,3.41951645377088E+5,3.42558284862638E+5,3.42136266862109E+5
-3.93133874303056,341699,3.42012795548739E+5,3.42554666310008E+5,3.4220103558639E+5
-3.89116460067702,342601,3.420687160821E+5,3.42550939232026E+5,3.42260683197734E+5
-3.85099045832348,342016,3.42118368241405E+5,3.42547099205463E+5,3.42314175383602E+5
-3.81081631596994,342057,3.42161577710582E+5,3.42543141577653E+5,3.42361342480588E+5
-3.7706421736164,342966,3.42198663488163E+5,3.42539061451962E+5,3.42402508383861E+5
-3.73046803126286,341332,3.42230182281684E+5,3.42534853672177E+5,3.42438234957166E+5
-3.69029388890932,343230,3.42256771394437E+5,3.42530512805709E+5,3.42469164936387E+5
-3.65011974655578,341707,3.42279061294947E+5,3.42526033125503E+5,3.42495934517104E+5
-3.60994560420224,342145,3.42297632417762E+5,3.42521408590552E+5,3.42519130174869E+5
-3.5697714618487,341841,3.42312997913434E+5,3.42516632824874E+5,3.42539271436219E+5
-3.52959731949516,342237,3.42325600555978E+5,3.42511699094827E+5,3.4255680780881E+5
-3.48942317714162,342607,3.42335816714586E+5,3.42506600284597E+5,3.42572122777648E+5
-3.44924903478808,341196,3.42343963350617E+5,3.42501328869697E+5,3.42585540828579E+5
-3.40907489243454,343801,3.42350305861701E+5,3.42495876888284E+5,3.42597335321076E+5
-3.368900750081,343353,3.42355065677617E+5,3.4249023591009E+5,3.42607736115186E+5
-3.32872660772746,342656,3.42358427118242E+5,3.42484397002731E+5,3.4261693646317E+5
-3.28855246537392,343199,3.42360543348593E+5,3.42478350695149E+5,3.42625099001104E+5
-3.24837832302039,342587,3.42361541430435E+5,3.42472086937882E+5,3.42632360840213E+5
-3.20820418066685,341901,3.4236152654563E+5,3.42465595059872E+5,3.42638837833418E+5
-3.16803003831331,342245,3.42360585494537E+5,3.42458863721434E+5,3.42644628120762E+5
-3.12785589595977,343492,3.42358789576693E+5,3.42451880863004E+5,3.42649815061348E+5
-3.08768175360623,342601,3.423561969535E+5,3.42444633649226E+5,3.42654469651933E+5
-3.04750761125269,341338,3.42352854580533E+5,3.42437108407882E+5,3.4265865252031E+5
-3.00733346889915,343660,3.42348799784008E+5,3.42429290563111E+5,3.42662415568556E+5
-2.96715932654561,342383,3.42344061543525E+5,3.42421164562307E+5,3.42665803328877E+5
-2.92698518419207,343142,3.42338661532128E+5,3.42412713795991E+5,3.42668854083797E+5
-2.88681104183853,342170,3.42332614955265E+5,3.4240392050987E+5,3.42671600793054E+5
-2.84663689948499,343057,3.42325931222282E+5,3.42394765708225E+5,3.42674071861717E+5
-2.80646275713145,341506,3.42318614477456E+5,3.42385229047589E+5,3.42676291777527E+5
-2.76628861477791,341723,3.42310664012181E+5,3.42375288719634E+5,3.42678281640206E+5
-2.72611447242437,342681,3.42302074575383E+5,3.42364921321955E+5,3.42680059601088E+5
-2.68594033007083,341773,3.42292836595623E+5,3.42354101715319E+5,3.42681641227964E+5
-2.64576618771729,343141,3.42282936325207E+5,3.4234280286573E+5,3.42683039807137E+5
-2.60559204536376,343089,3.42272355914112E+5,3.42330995669431E+5,3.4268426659234E+5
-2.56541790301022,341764,3.42261073419321E+5,3.42318648758711E+5,3.4268533100827E+5
-2.52524376065668,343294,3.42249062753284E+5,3.42305728286061E+5,3.42686240814883E+5
-2.48506961830314,342744,3.42236293573508E+5,3.42292197683894E+5,3.42687002237273E+5
-2.4448954759496,342614,3.42222731113784E+5,3.42278017396602E+5,3.42687620064841E+5
-2.40472133359606,341395,3.42208335956049E+5,3.42263144581266E+5,3.42688097722442E+5
-2.36454719124252,343260,3.42193063740479E+5,3.42247532772761E+5,3.42688437315378E+5
-2.32437304888898,341778,3.42176864809937E+5,3.42231131508343E+5,3.42688639649254E+5
-2.28419890653544,341614,3.42159683783353E+5,3.42213885906031E+5,3.42688704224981E+5
-2.2440247641819,342037,3.42141459050963E+5,3.42195736190196E+5,3.42688629208426E+5
-2.20385062182836,342185,3.42122122182444E+5,3.42176617156684E+5,3.42688411373419E+5
-2.16367647947482,342412,3.42101597236882E+5,3.42156457568558E+5,3.42688046015983E+5
-2.12350233712128,341537,3.42079799961041E+5,3.42135179472017E+5,3.42687526836684E+5
-2.08332819476774,341754,3.42056636859527E+5,3.42112697420292E+5,3.42686845786895E+5
-2.0431540524142,342422,3.42032004117029E+5,3.42088917591184E+5,3.42685992873504E+5
-2.00297991006066,342446,3.42005786348747E+5,3.42063736781391E+5,3.42684955915016E+5
-1.96280576770712,341439,3.4197785515022E+5,3.42037041257709E+5,3.4268372024017E+5
-1.92263162535359,342795,3.41948067411891E+5,3.420087054416E+5,3.4268226831795E+5
-1.88245748300005,342542,3.41916263356594E+5,3.41978590399175E+5,3.42680579305079E+5
-1.84228334064651,341847,3.41882264249572E+5,3.41946542103416E+5,3.42678628493816E+5
-1.80210919829297,341826,3.41845869720171E+5,3.41912389428999E+5,3.42676386638831E+5
-1.76193505593943,341825,3.41806854621851E+5,3.4187594183235E+5,3.42673819137161E+5
-1.72176091358589,341873,3.41764965342112E+5,3.41836986660067E+5,3.42670885029704E+5
-1.68158677123235,341943,3.41719915456143E+5,3.41795286017346E+5,3.42667535786456E+5
-1.64141262887881,341815,3.41671380597358E+5,3.41750573113868E+5,3.42663713831149E+5
-1.60123848652527,341575,3.4161899239469E+5,3.41702547987324E+5,3.42659350755026E+5
-1.56106434417173,341743,3.41562331301702E+5,3.4165087248344E+5,3.42654365165922E+5
-1.52089020181819,341827,3.41500918118834E+5,3.41595164345143E+5,3.4264866012135E+5
-1.48071605946465,341765,3.41434203992863E+5,3.41534990231135E+5,3.42642120109388E+5
-1.44054191711111,341788,3.41361558677557E+5,3.41469857444153E+5,3.42634607581063E+5
-1.40036777475757,341569,3.41282256875982E+5,3.41399204099795E+5,3.42625959123846E+5
-1.36019363240403,340572,3.41195462592787E+5,3.41322387405627E+5,3.4261598153482E+5
-1.32001949005049,342477,3.41100211663564E+5,3.41238669644937E+5,3.42604448366287E+5
-1.27984534769695,340498,3.40995393095914E+5,3.411472013666E+5,3.42591098076973E+5
-1.23967120534342,340604,3.40879730703788E+5,3.41047001168864E+5,3.42575635882583E+5
-1.19949706298988,341034,3.40751767950024E+5,3.40936931326766E+5,3.42557742970917E+5
-1.15932292063634,340424,3.40609861151978E+5,3.40815668347454E+5,3.42537099152183E+5
-1.1191487782828,340857,3.40452189303666E+5,3.40681667343539E+5,3.42513428307787E+5
-1.07897463592926,339968,3.40276792105316E+5,3.40533118894618E+5,3.42486579558357E+5
-1.03880049357572,340766,3.4008164897881E+5,3.40367896832509E+5,3.42456658493961E+5
-9.98626351222179E-1,339603,3.39864804965701E+5,3.40183495164184E+5,3.42424216149177E+5
-9.5845220886864E-1,340059,3.39624523838828E+5,3.3997695219626E+5,3.42390477990227E+5
-9.182780665151E-1,339166,3.39359393551601E+5,3.39744759960287E+5,3.42357539938974E+5
-8.78103924161561E-1,339737,3.39068232004019E+5,3.39482757473072E+5,3.42328380878606E+5
-8.37929781808021E-1,338405,3.38749602042647E+5,3.39186007590126E+5,3.4230650080018E+5
-7.97755639454482E-1,338959,3.38400858523808E+5,3.38848659915064E+5,3.42295104956404E+5
-7.57581497100943E-1,337472,3.38016968625976E+5,3.3846380761617E+5,3.42296067357466E+5
-7.17407354747403E-1,336665,3.37589664635355E+5,3.38023356109847E+5,3.42309214873167E+5
-6.77233212393864E-1,337604,3.37107429771811E+5,3.37517939727762E+5,3.42332396391709E+5
-6.37059070040324E-1,336331,3.36556337109603E+5,3.3693695383707E+5,3.42362289620192E+5
-5.96884927686785E-1,335275,3.35921348734369E+5,3.362688216463E+5,3.42395433435729E+5
-5.56710785333246E-1,334122,3.35187765815982E+5,3.35501695265454E+5,3.42428976898188E+5
-5.16536642979706E-1,333033,3.34342967390277E+5,3.34624903309388E+5,3.42460970428549E+5
-4.76362500626167E-1,333368,3.33378991162417E+5,3.33631586476282E+5,3.42490311033794E+5
-4.36188358272627E-1,331985,3.32296663921996E+5,3.3252303732439E+5,3.42516532945266E+5
-3.96014215919088E-1,330454,3.3111177078993E+5,3.31315095191778E+5,3.42539581945812E+5
-3.55840073565549E-1,329697,3.29862916773863E+5,3.30046187723477E+5,3.42559635398046E+5
-3.15665931212009E-1,328975,3.2861890750807E+5,3.28784834002532E+5,3.42576979853197E+5
-2.7549178885847E-1,327315,3.27480734708734E+5,3.27631704494102E+5,3.42591936562291E+5
-2.3531764650493E-1,326830,3.26571315780749E+5,3.26709401687261E+5,3.42604820441148E+5
-1.95143504151391E-1,326489,3.26008887939313E+5,3.26135874199151E+5,3.42615920087822E+5
-1.54969361797852E-1,326396,3.2587010891796E+5,3.25987525202707E+5,3.42625490062912E+5
-1.14795219444312E-1,325945,3.26160932926386E+5,3.26270089465252E+5,3.42633749808794E+5
-7.46210770907728E-2,326668,3.26813682136306E+5,3.26915702639803E+5,3.42640885844163E+5
-3.44469347372334E-2,327525,3.27712289909321E+5,3.27808140928793E+5,3.42647055328187E+5
5.72720761630602E-3,327135,3.28729277425251E+5,3.2881979380056E+5,3.42652389972351E+5
4.59013499698454E-2,327943,3.29755034574921E+5,3.29840941132426E+5,3.42656999790154E+5
8.60754923233848E-2,328794,3.30710884434285E+5,3.30792814321833E+5,3.42660976460111E+5
1.26249634676924E-1,330850,3.31548669350886E+5,3.31627179468878E+5,3.42664396229667E+5
1.66423777030464E-1,331849,3.32243671661161E+5,3.32319255644795E+5,3.42667322364025E+5
2.06597919384003E-1,333562,3.32786288672542E+5,3.32859387841725E+5,3.42669807178477E+5
2.46772061737542E-1,334042,3.33175112520949E+5,3.33246125163577E+5,3.42671893705032E+5
2.86946204091082E-1,335168,3.33412086047442E+5,3.33481375350107E+5,3.42673617044995E+5
3.27120346444621E-1,335225,3.3349950371741E+5,3.33567404610422E+5,3.42675005454648E+5
3.67294488798161E-1,334735,3.33438414204032E+5,3.33505239347127E+5,3.42676081204565E+5
4.074686311517E-1,334627,3.33228082384649E+5,3.33294127486363E+5,3.42676861245946E+5
4.47642773505239E-1,333266,3.3286637657991E+5,3.32931925217121E+5,3.42677357710449E+5
4.87816915858779E-1,333353,3.32351178421495E+5,3.32416506505507E+5,3.42677578263647E+5
5.27991058212318E-1,332030,3.31683128151461E+5,3.31748508172699E+5,3.42677526326421E+5
5.68165200565858E-1,331039,3.30870146272019E+5,3.309358514464E+5,3.42677201173278E+5
6.08339342919397E-1,328689,3.29934031614245E+5,3.30000340050304E+5,3.426765979116E+5
6.48513485272936E-1,328979,3.28918675234795E+5,3.28985874241481E+5,3.42675707340973E+5
6.88687627626476E-1,327488,3.27897634764303E+5,3.27966025425085E+5,3.42674515686878E+5
7.28861769980015E-1,326322,3.26976088811247E+5,3.27045990960963E+5,3.42673004197943E+5
7.69035912333555E-1,326365,3.26280328298296E+5,3.26352086055493E+5,3.42671148590463E+5
8.09210054687094E-1,326848,3.25930869538259E+5,3.26004857568009E+5,3.42668918317909E+5
8.49384197040634E-1,326337,3.26005589814853E+5,3.26082220525921E+5,3.42666275636591E+5
8.89558339394173E-1,326861,3.26511178438525E+5,3.26590910354611E+5,3.42663174431574E+5
9.29732481747712E-1,327710,3.27381092232239E+5,3.27464439819995E+5,3.42659558759903E+5
9.69906624101252E-1,329487,3.28501447945651E+5,3.28588993231279E+5,3.42655361062032E+5
1.01008076645479,329921,3.29748103304197E+5,3.29840509662591E+5,3.42650499989265E+5
1.05025490880833,330397,3.31015659389989E+5,3.31113687938675E+5,3.42644877798973E+5
1.09042905116187,331951,3.3223021067461E+5,3.32334739734503E+5,3.42638377287767E+5
1.13060319351541,333337,3.33348787058023E+5,3.33460835126437E+5,3.42630858279246E+5
1.17077733586895,334714,3.34352315932586E+5,3.34473068499249E+5,3.42622153780996E+5
1.21095147822249,336048,3.35237452814896E+5,3.35368293046405E+5,3.4261206611615E+5
1.25112562057603,337105,3.36009858403782E+5,3.36152401064937E+5,3.42600363686504E+5
1.29129976292957,336866,3.36679540170174E+5,3.36835666871037E+5,3.42586779646797E+5
1.33147390528311,336633,3.37257980357366E+5,3.37429871876345E+5,3.42571014828681E+5
1.37164804763665,338731,3.37756541500257E+5,3.37946698880998E+5,3.42552748966918E+5
1.41182218999019,337738,3.38185695865242E+5,3.3839693535189E+5,3.42531666861011E+5
1.45199633234372,339552,3.38554755976171E+5,3.38790152793044E+5,3.42507509530786E+5
1.49217047469726,339483,3.38871904128786E+5,3.39134646634642E+5,3.42480163841804E+5
1.5323446170508,339271,3.39144404825067E+5,3.39437506611231E+5,3.42449804561495E+5
1.57251875940434,339820,3.39378930613697E+5,3.39704743424908E+5,3.42417093536449E+5
1.61269290175788,338561,3.39581935506638E+5,3.39941431587827E+5,3.42383410266471E+5
1.65286704411142,339063,3.39759968861153E+5,3.40151848216656E+5,3.42351026992156E+5
1.69304118646496,339731,3.39919756565275E+5,3.40339598688912E+5,3.42323064224023E+5
1.7332153288185,339655,3.40067861399737E+5,3.40507726053786E+5,3.42303041693611E+5
1.77338947117204,339345,3.40209888678612E+5,3.40658804128154E+5,3.42293990898118E+5
1.81356361352558,339499,3.40349542156989E+5,3.40795015613492E+5,3.42297432891157E+5
1.85373775587912,339276,3.40488097912384E+5,3.40918217098998E+5,3.42312787161045E+5
1.89391189823266,340726,3.40624689777941E+5,3.41029992898002E+5,3.42337603227599E+5
1.9340860405862,340393,3.40757250044528E+5,3.41131699534768E+5,3.42368456857419E+5
1.97426018293974,340248,3.40883555833053E+5,3.41224502483753E+5,3.42401959696959E+5
2.01443432529328,340781,3.41001923633913E+5,3.41309406528377E+5,3.42435423453195E+5
2.05460846764682,340401,3.41111446058269E+5,3.41387280883004E+5,3.42467071522924E+5
2.09478261000036,340201,3.41211914385397E+5,3.41458880023161E+5,3.42495940709896E+5
2.13495675235389,339429,3.4130361528066E+5,3.41524860998979E+5,3.42521660629341E+5
2.17513089470743,341296,3.41387125459531E+5,3.41585797864545E+5,3.42544233942646E+5
2.21530503706097,341467,3.41463154798762E+5,3.41642193738448E+5,3.42563867407974E+5
2.25547917941451,340656,3.41532444213771E+5,3.41694490914885E+5,3.42580859646546E+5
2.29565332176805,340413,3.4159570713819E+5,3.41743079366648E+5,3.42595534119201E+5
2.33582746412159,340144,3.41653600520371E+5,3.41788303918123E+5,3.42608202949907E+5
2.37600160647513,340866,3.41706713822539E+5,3.41830470315272E+5,3.42619149854926E+5
2.41617574882867,341286,3.41755568082012E+5,3.41869850378208E+5,3.42628624051464E+5
2.45634989118221,341543,3.4180062006282E+5,3.41906686388476E+5,3.42636840022003E+5
2.49652403353575,340850,3.41842268591476E+5,3.41941194836042E+5,3.42643980103094E+5
2.53669817588929,341104,3.41880861479807E+5,3.41973569628948E+5,3.42650198198518E+5
2.57687231824283,341846,3.41916702219136E+5,3.42003984850718E+5,3.42655623716077E+5
2.61704646059637,340973,3.41950056075297E+5,3.42032597135974E+5,3.42660365286983E+5
2.65722060294991,340951,3.41981155456218E+5,3.42059547722824E+5,3.42664514081053E+5
2.69739474530345,342073,3.42010204548437E+5,3.42084964230805E+5,3.42668146665292E+5
2.73756888765699,341948,3.42037383277473E+5,3.42108962205135E+5,3.42671327419997E+5
2.77774303001052,341043,3.4206285066972E+5,3.42131646461441E+5,3.42674110555938E+5
2.81791717236406,342462,3.42086747697797E+5,3.42153112259671E+5,3.42676541785785E+5
2.8580913147176,341696,3.42109199686544E+5,3.42173446331361E+5,3.42678659702843E+5
2.89826545707114,341830,3.42130318348471E+5,3.42192727780704E+5,3.42680496915427E+5
2.93843959942468,341676,3.42150203508023E+5,3.42211028876741E+5,3.42682080978942E+5
2.97861374177822,341220,3.42168944564914E+5,3.42228415751364E+5,3.4268343516121E+5
3.01878788413176,342759,3.42186621738578E+5,3.42244949015673E+5,3.42684579070565E+5
3.0589620264853,341869,3.42203307128661E+5,3.42260684305373E+5,3.42685529170947E+5
3.09913616883884,342671,3.42219065620436E+5,3.42275672764366E+5,3.42686299203729E+5
3.13931031119238,342247,3.42233955658971E+5,3.42289961474389E+5,3.42686900532242E+5
3.17948445354592,342194,3.42248029911644E+5,3.42303593837453E+5,3.4268734242185E+5
3.21965859589946,342360,3.42261335835146E+5,3.4231660991691E+5,3.42687632265896E+5
3.259832738253,342439,3.42273916160192E+5,3.42329046742165E+5,3.42687775765687E+5
3.30000688060654,342016,3.42285809304734E+5,3.42340938581397E+5,3.42687777070997E+5
3.34018102296008,341060,3.42297049724494E+5,3.42352317186064E+5,3.4268763888609E+5
3.38035516531362,342474,3.42307668207876E+5,3.42363212010476E+5,3.4268736254506E+5
3.42052930766716,342507,3.42317692120876E+5,3.42373650409299E+5,3.42686948059236E+5
3.46070345002069,341581,3.4232714560632E+5,3.4238365781549E+5,3.4268639413849E+5
3.50087759237423,341990,3.42336049740629E+5,3.42393257900841E+5,3.42685698187448E+5
3.54105173472777,342279,3.42344422650228E+5,3.42402472721058E+5,3.42684856276829E+5
3.58122587708131,341385,3.42352279588771E+5,3.4241132284705E+5,3.42683863089381E+5
3.62140001943485,342806,3.42359632975323E+5,3.42419827483901E+5,3.42682711839081E+5
3.66157416178839,342462,3.42366492392684E+5,3.42428004578846E+5,3.42681394161497E+5
3.70174830414193,342245,3.42372864543948E+5,3.42435870919376E+5,3.42679899972231E+5
3.74192244649547,341691,3.42378753164256E+5,3.42443442222511E+5,3.42678217289405E+5
3.78209658884901,342526,3.42384158883373E+5,3.42450733216128E+5,3.42676332014904E+5
3.82227073120255,342710,3.42389079033209E+5,3.42457757713147E+5,3.42674227667722E+5
3.86244487355609,342396,3.42393507392635E+5,3.42464528679284E+5,3.4267188506101E+5
3.90261901590963,342407,3.42397433859776E+5,3.42471058294998E+5,3.42669281912437E+5
3.94279315826317,342139,3.42400844039426E+5,3.42477358012205E+5,3.42666392374881E+5
3.98296730061671,342642,3.4240371873005E+5,3.42483438606243E+5,3.42663186471467E+5
4.02314144297025,342160,3.4240603329103E+5,3.42489310223556E+5,3.42659629415133E+5
4.06331558532379,341979,3.42407756866101E+5,3.42494982425482E+5,3.42655680788279E+5
4.10348972767733,342967,3.42408851433199E+5,3.42500464228512E+5,3.42651293552347E+5
4.14366387003086,343040,3.42409270643932E+5,3.42505764141341E+5,3.42646412850251E+5
4.1838380123844,341760,3.4240895840752E+5,3.42510890199005E+5,3.42640974556175E+5
4.22401215473794,342850,3.42407847164033E+5,3.42515849994351E+5,3.42634903517342E+5
4.26418629709148,342766,3.42405855780254E+5,3.42520650707091E+5,3.42628111420823E+5
4.30436043944502,341858,3.42402886988757E+5,3.42525299130642E+5,3.42620494205774E+5
4.34453458179856,342258,3.42398824277785E+5,3.42529801696945E+5,3.426119289285E+5
4.3847087241521,341553,3.42393528128593E+5,3.42534164499433E+5,3.4260226997682E+5
4.42488286650564,342209,3.4238683149233E+5,3.4253839331431E+5,3.42591344525679E+5
4.46505700885918,343142,3.42378534409156E+5,3.42542493620281E+5,3.42578947136534E+5
4.50523115121272,342552,3.42368397713665E+5,3.42546470616852E+5,3.42564833444473E+5
4.54540529356626,342674,3.42356135871547E+5,3.4255032924133E+5,3.42548712977876E+5
4.5855794359198,342211,3.42341409202785E+5,3.42554074184621E+5,3.42530241365824E+5
4.62575357827334,342441,3.42323816152729E+5,3.42557709905924E+5,3.42509012594465E+5
4.66592772062688,342178,3.42302887017845E+5,3.42561240646407E+5,3.42484552719098E+5
4.70610186298042,343211,3.4227808184765E+5,3.42564670441946E+5,3.42456317753363E+5
4.74627600533396,342239,3.4224879747039E+5,3.42568003135006E+5,3.42423700683043E+5
4.78645014768749,342911,3.42214392172419E+5,3.42571242385712E+5,3.42386056134366E+5
4.82662429004103,342797,3.42174241905201E+5,3.425743916822E+5,3.4234275657066E+5
4.86679843239457,341902,3.4212784886174E+5,3.42577454350271E+5,3.42293300859129E+5
4.90697257474811,341935,3.42075029878091E+5,3.42580433562426E+5,3.42237502663325E+5
4.94714671710165,341006,3.42016211929347E+5,3.42583332346315E+5,3.42175785930692E+5
4.98732085945519,341966,3.41952840415306E+5,3.4258615359264E+5,3.42109593170326E+5
5.02749500180873,341343,3.41887839594365E+5,3.42588900062565E+5,3.42041845879459E+5
5.06766914416227,342080,3.41825936368187E+5,3.42591574394657E+5,3.4197726832119E+5
5.10784328651581,342001,3.41773506626593E+5,3.42594179111392E+5,3.41922233862861E+5
5.14801742886935,339648,3.41737585119847E+5,3.42596716625265E+5,3.41883774842242E+5
5.18819157122289,341138,3.41724024757968E+5,3.42599189244525E+5,3.41867741861102E+5
5.22836571357643,341098,3.41735484093269E+5,3.42601599178561E+5,3.41876791262367E+5
5.26853985592997,342169,3.41770386842846E+5,3.42603948542966E+5,3.4190934464754E+5
5.30871399828351,342512,3.41823548892488E+5,3.42606239364299E+5,3.41960215875849E+5
5.34888814063705,342865,3.4188804647323E+5,3.42608473584567E+5,3.42022479236322E+5
5.38906228299059,343569,3.41957197965673E+5,3.42610653065445E+5,3.42089451247887E+5
5.42923642534413,342023,3.42025801397153E+5,3.42612779592251E+5,3.42155928152562E+5
5.46941056769766,341659,3.42090479778879E+5,3.42614854877689E+5,3.42218531248849E+5
5.5095847100512,342160,3.42149445077534E+5,3.42616880565386E+5,3.42275470859807E+5
5.54975885240474,343175,3.42202048944003E+5,3.42618858233223E+5,3.42326097058439E+5
5.58993299475828,342753,3.42248350680651E+5,3.4262078939648E+5,3.42370467631831E+5
5.63010713711182,343411,3.42288790872882E+5,3.42622675510809E+5,3.42409021709732E+5
5.67028127946536,343396,3.42323977075218E+5,3.4262451797504E+5,3.42442365447838E+5
5.7104554218189,342626,3.42354557061229E+5,3.42626318133835E+5,3.42471145275054E+5
5.75062956417244,342111,3.42381151148292E+5,3.42628077280198E+5,3.42495980215754E+5
5.79080370652598,342235,3.42404320821798E+5,3.42629796657847E+5,3.4251743051161E+5
5.83097784887952,342490,3.42424558073457E+5,3.42631477463467E+5,3.42535986957649E+5
5.87115199123306,342105,3.42442285696894E+5,3.42633120848832E+5,3.42552071195721E+5
5.9113261335866,341924,3.42457862799924E+5,3.42634727922825E+5,3.42566041224758E+5
5.95150027594014,341727,3.4247159233049E+5,3.42636299753348E+5,3.42578198924802E+5
5.99167441829368,342529,3.4248372893E+5,3.42637837369136E+5,3.42588797908524E+5
6.03184856064722,341913,3.42494486296688E+5,3.42639341761473E+5,3.42598050882875E+5
6.07202270300076,342354,3.42504043720226E+5,3.42640813885826E+5,3.4260613618206E+5
6.11219684535429,342994,3.42512551700406E+5,3.42642254663392E+5,3.42613203384674E+5
6.15237098770783,342089,3.4252013668638E+5,3.42643664982569E+5,3.42619378051471E+5
6.19254513006137,343452,3.42526905026515E+5,3.42645045700356E+5,3.42624765673818E+5
6.23271927241491,343573,3.42532946235641E+5,3.42646397643677E+5,3.42629454939624E+5
6.27289341476845,343693,3.42538335684807E+5,3.42647721610645E+5,3.42633520421821E+5
6.31306755712199,343915,3.42543136808731E+5,3.42649018371766E+5,3.42637024784624E+5
6.35324169947553,342239,3.42547402913358E+5,3.4265028867108E+5,3.42640020589938E+5
6.39341584182907,341705,3.42551178652862E+5,3.42651533227247E+5,3.42642551773275E+5
6.43358998418261,343266,3.42554501233451E+5,3.42652752734586E+5,3.42644654846525E+5
6.47376412653615,342826,3.42557401390773E+5,3.42653947864061E+5,3.42646359874371E+5
6.51393826888969,342669,3.42559904178731E+5,3.4265511926422E+5,3.42647691262171E+5
6.55411241124323,342423,3.42562029599991E+5,3.42656267562092E+5,3.42648668385559E+5
6.59428655359677,342248,3.42563793102114E+5,3.42657393364042E+5,3.42649306085732E+5
6.63446069595031,342433,3.4256520595802E+5,3.42658497256585E+5,3.42649615049094E+5
6.67463483830385,342842,3.42566275545031E+5,3.42659579807165E+5,3.42649602085525E+5
6.71480898065739,342312,3.42567005532965E+5,3.42660641564896E+5,3.42649270315728E+5
6.75498312301093,341722,3.42567395988443E+5,3.42661683061271E+5,3.42648619274832E+5
6.79515726536447,341411,3.4256744339963E+5,3.42662704810838E+5,3.42647644936452E+5
6.835331407718,342601,3.42567140622844E+5,3.4266370731185E+5,3.42646339658654E+5
6.87550555007154,343184,3.42566476749816E+5,3.42664691046877E+5,3.42644692050599E+5
6.91567969242508,342890,3.42565436891646E+5,3.42665656483403E+5,3.42642686755902E+5
6.95585383477862,342254,3.42564001872617E+5,3.42666604074385E+5,3.42640304145892E+5
6.99602797713216,343408,3.42562147823859E+5,3.42667534258796E+5,3.42637519912722E+5
7.0362021194857,342369,3.42559845663217E+5,3.42668447462143E+5,3.42634304548733E+5
7.07637626183924,342489,3.42557060443459E+5,3.4266934409696E+5,3.42630622694159E+5
7.11655040419278,342500,3.42553750545934E+5,3.42670224563279E+5,3.42626432330315E+5
7.15672454654632,343252,3.42549866690741E+5,3.42671089249087E+5,3.42621683789313E+5
7.19689868889986,342065,3.42545350727164E+5,3.42671938530761E+5,3.42616318544063E+5
7.2370728312534,342351,3.42540134159237E+5,3.42672772773478E+5,3.42610267733418E+5
7.27724697360694,343334,3.4253413635057E+5,3.42673592331622E+5,3.42603450366608E+5
7.31742111596048,342244,3.42527262339691E+5,3.42674397549157E+5,3.42595771138193E+5
7.35759525831402,342383,3.42519400181886E+5,3.42675188760003E+5,3.42587117769543E+5
7.39776940066756,340956,3.4251041771606E+5,3.42675966288378E+5,3.42577357775341E+5
7.4379435430211,342929,3.42500158635819E+5,3.42676730449144E+5,3.42566334534334E+5
7.47811768537463,342737,3.42488437724625E+5,3.42677481548122E+5,3.42553862524162E+5
7.51829182772817,342267,3.42475035098888E+5,3.4267821988241E+5,3.42539721564138E+5
7.55846597008171,342022,3.42459689297415E+5,3.42678945740675E+5,3.42523649904399E+5
7.59864011243525,343302,3.42442089074344E+5,3.42679659403445E+5,3.42505336018559E+5
7.63881425478879,341655,3.4242186382062E+5,3.42680361143377E+5,3.42484409024902E+5
7.67898839714233,342608,3.42398572701081E+5,3.42681051225529E+5,3.42460427823212E+5
7.71916253949587,342563,3.42371692929398E+5,3.42681729907606E+5,3.42432869369451E+5
7.75933668184941,341760,3.42340608246696E+5,3.4268239744021E+5,3.42401117154146E+5
7.79951082420295,341764,3.42304599846857E+5,3.4268305406707E+5,3.42364452127446E+5
7.83968496655649,342987,3.42262844060379E+5,3.42683700025274E+5,3.42322050382765E+5
7.87985910891003,342936,3.42214424598207E+5,3.42684335545476E+5,3.42272995400391E+5
7.92003325126357,343792,3.42158372742523E+5,3.42684960852114E+5,3.42216318238069E+5
7.96020739361711,341810,3.42093757131452E+5,3.42685576163605E+5,3.42151087315506E+5
8.00038153597065,342325,3.42019855371972E+5,3.42686181692543E+5,3.42076580027089E+5
8.04055567832419,341387,3.41936449265466E+5,3.42686777645878E+5,3.41992577967247E+5
8.08072982067773,341743,3.41844283425954E+5,3.42687364225104E+5,3.41899825548509E+5
8.12090396303127,340737,3.41745690348269E+5,3.42687941626423E+5,3.41800655069506E+5
8.1610781053848,341489,3.41645277842534E+5,3.42688510040917E+5,3.41699674149276E+5
8.20125224773834,342199,3.41550375076338E+5,3.42689069654706E+5,3.41604211769292E+5
8.24142639009188,341990,3.41470710611499E+5,3.42689620649101E+5,3.41523996310057E+5
8.28160053244542,342420,3.41416803300933E+5,3.42690163200757E+5,3.41469546447836E+5
8.32177467479896,342353,3.41397121601344E+5,3.42690697481809E+5,3.41449330467194E+5
8.3619488171525,342207,3.41415122635012E+5,3.42691223660018E+5,3.41466805322654E+5
8.40212295950604,341710,3.4146789078032E+5,3.42691741898899E+5,3.4151905522908E+5
8.44229710185958,342635,3.41547291892127E+5,3.42692252357853E+5,3.41597945881934E+5
8.48247124421312,341024,3.41642862034911E+5,3.42692755192287E+5,3.41693013190283E+5
8.52264538656666,341344,3.41744719008532E+5,3.42693250553738E+5,3.41794374802453E+5
8.5628195289202,342045,3.41845295401543E+5,3.42693738589986E+5,3.41894463159217E+5
8.60299367127374,342986,3.41939756488223E+5,3.42694219445165E+5,3.41988443390718E+5
8.64316781362728,341110,3.42025598040511E+5,3.42694693259872E+5,3.42073811128298E+5
8.68334195598082,341803,3.4210196442346E+5,3.42695160171272E+5,3.42149710599848E+5
8.72351609833436,341973,3.42169011617049E+5,3.42695620313196E+5,3.42216297651513E+5
8.76369024068789,341499,3.42227433145219E+5,3.42696073816237E+5,3.42274265676641E+5
8.80386438304144,342735,3.42278151890736E+5,3.4269652080785E+5,3.42324537430546E+5
8.84403852539497,341196,3.4232213939857E+5,3.42696961412433E+5,3.42368084333796E+5
8.88421266774851,342793,3.42360320362955E+5,3.42697395751424E+5,3.42405830959191E+5
8.92438681010205,342534,3.42393529095473E+5,3.42697823943379E+5,3.42438611499754E+5
8.96456095245559,342395,3.42422495470993E+5,3.42698246104055E+5,3.42467155714598E+5
9.00473509480913,342641,3.42447846351073E+5,3.42698662346492E+5,3.42492090352241E+5
9.04490923716267,342128,3.42470114287033E+5,3.42699072781087E+5,3.42513947853605E+5
9.08508337951621,342395,3.42489748950299E+5,3.42699477515667E+5,3.42533177782291E+5
9.12525752186975,343696,3.42507128907531E+5,3.42699876655565E+5,3.42550158599625E+5
9.16543166422329,341269,3.42522572596948E+5,3.42700270303683E+5,3.42565208640924E+5
9.20560580657683,343172,3.42536348042156E+5,3.42700658560564E+5,3.42578595829252E+5
9.24577994893037,342890,3.42548681195591E+5,3.42701041524454E+5,3.42590546018797E+5
9.28595409128391,342129,3.4255976297718E+5,3.42701419291367E+5,3.42601250033472E+5
9.32612823363745,341807,3.42569755147867E+5,3.42701791955145E+5,3.42610869540382E+5
9.36630237599099,342597,3.4257879517951E+5,3.42702159607513E+5,3.42619541919656E+5
9.40647651834453,342706,3.42587000278723E+5,3.42702522338144E+5,3.42627384288239E+5
9.44665066069807,342304,3.42594470706887E+5,3.42702880234707E+5,3.4263449681984E+5
9.4868248030516,343135,3.42601292519374E+5,3.42703233382923E+5,3.4264096548411E+5
9.52699894540515,342816,3.42607539827761E+5,3.42703581866619E+5,3.42646864308802E+5
9.56717308775868,342046,3.42613276671204E+5,3.42703925767774E+5,3.42652257251089E+5
9.60734723011222,342851,3.4261855856784E+5,3.42704265166571E+5,3.42657199748928E+5
9.64752137246576,342714,3.42623433804147E+5,3.42704600141443E+5,3.42661740010364E+5
9.6876955148193,342477,3.42627944509465E+5,3.42704930769117E+5,3.42665920088008E+5
9.72786965717284,343215,3.42632127554071E+5,3.42705257124662E+5,3.42669776777068E+5
9.76804379952638,342627,3.42636015302027E+5,3.42705579281531E+5,3.42673342368156E+5
9.80821794187992,342982,3.42639636244229E+5,3.42705897311599E+5,3.4267664528029E+5
9.84839208423346,343040,3.42643015532332E+5,3.42706211285207E+5,3.42679710594785E+5
9.888566226587,343281,3.42646175430478E+5,3.42706521271202E+5,3.42682560506936E+5
9.92874036894054,342177,3.42649135698622E+5,3.42706827336973E+5,3.42685214709309E+5
9.96891451129408,342222,3.42651913918805E+5,3.42707129548486E+5,3.42687690717978E+5
1.00090886536476E+1,342942,3.42654525773682E+5,3.42707427970326E+5,3.42690004151015E+5
1.00492627960011E+1,343057,3.42656985284981E+5,3.42707722665727E+5,3.42692168966914E+5
1.00894369383547E+1,342160,3.42659305018236E+5,3.42708013696604E+5,3.42694197669292E+5
1.01296110807082E+1,342325,3.42661496259055E+5,3.42708301123593E+5,3.42696101483122E+5
1.01697852230617E+1,341573,3.42663569165285E+5,3.42708585006075E+5,3.42697890506869E+5
1.02099593654153E+1,343401,3.42665532898727E+5,3.42708865402214E+5,3.42699573844172E+5
1.02501335077688E+1,343694,3.42667395739428E+5,3.42709142368981E+5,3.42701159718107E+5
1.02903076501223E+1,343447,3.42669165185118E+5,3.42709415962185E+5,3.42702655570593E+5
1.03304817924759E+1,342786,3.42670848037925E+5,3.42709686236505E+5,3.4270406814908E+5
1.03706559348294E+1,342864,3.42672450480169E+5,3.42709953245512E+5,3.42705403582316E+5

HISTORY: 96ZXIV H126£º27#_ORIGINAL-173000COUNTS.MOS=>FOLD(516.5)=>CAL(¦Á-FE-87500_(1))
CALIBRATION FACTOR: 4.01741423535394E-2
ZERO VELOCITY CHANNEL: 2.53857440450977E+2
SPACE: MEASURED
MOSSWINN FORMAT: 1
TITLE OF X AXIS: <i>v</i> [mm/s]
TITLE OF Y AXIS: Counts
SETWIN: FFFTTTFFFTFTFFFF0

{SPARS.BEGIN}
ANCESTOR WINDOW => 96ZXIV H126£º27#_ORIGINAL-173000COUNTS.DAT
DATE OF FIRST LOAD => 2024.12.30.Monday.16.36.28
IS REFERENCE => Alpha Iron
MEASUREMENT GEOMETRY => TMS
MOSSBAUER NUCLIDE => 57Fe
{SPARS.END}

MOSSWINN FIT REPORT
2025.03.22.Saturday.20.06.12
Chisquare => 596.6244
Normalized Chisquare => 1.1861
Total spectral area => 36834.57558352
Base Line . Base Line => 342742.90634766 (StD=39.8)
FE(III)Doublet (GXL) => 85.6 % ~/S
FE(III)Doublet (GXL) . AMPLITUDE => 15769.96321778 (StD=151.4)
FE(III)Doublet (GXL) . ISOMER SHIFT => 0.33035168 (StD=0.00381)
FE(III)Doublet (GXL) . Q. SPLITTING => 1.00331130 (StD=0.00656)
FE(III)Doublet (GXL) . LINE WIDTH => 0.65755020 (StD=0.01002)
Mixed M+Q (1) => 14.4 % ~/S
Mixed M+Q (1) . AMPLITUDE => 441.22076233 (StD=42.77)
Mixed M+Q (1) . ISOMER SHIFT => 0.36047937 (StD=0.03534)
Mixed M+Q (1) . MAGNETIC FIELD [T] => 50.37133421 (StD=0.243)
Mixed M+Q (1) . Q. SPLITTING => -0.28079607 (StD=0.070439)
Mixed M+Q (1) . LINE WIDTH => 0.65755020 (StD=0.01002)
.END.

~SGM
1
MODELGROUP: GENERAL
AREAMODE: YES
CHIMODE: 1
CHITOTAL: 596.6244496489
~INSIGHTS
~INSEND

~SFN
SELF

~SPECTRUM
CONVTYPE: NO
SBN: 2
TSA: 36834.5755835226
CHIVAL: 596.6244496489
TISLS: 1

~CALINFO
AC: NO
NT: 57Fe
MT: Rhodium
AT: Alpha Iron
ISR: Alpha Iron
SWF: NO
FLD: YES
FCN: YES
~CLCAL

~SUBSPECTRUM
NM: Velocity Axis
FXN: NO
CD: 1
SRCD: 0
SO: 
IN: 0
DP: 0
PLW: 0
PVA: 0
LT: 1
UPO: NO
UMP: NO
AN: 0
PN: 0
WN: 0
EN: 0
LLN: 0
~CLSUB

~SUBSPECTRUM
NM: Base Line
FXN: NO
CD: 2
SRCD: 0
SO: 57Fe
IN: 0
DP: 0
PLW: 0
PVA: 0
LT: 1
UPO: NO
UMP: NO
AN: 1
PN: 0
WN: 0
EN: 0
LLN: 0

~PARAMETER
NM: Base Line
VL: 342742.9063476595
STD: 39.7588790964
OP: NO
FX: 0
DT: 0
SR: NO
FSR: 0
DTSR: 0

~RST
RLN: 1
0
341569.229337
346260.770662
~CLSUB

~SUBSPECTRUM
NM: FE(III)Doublet (GXL)
FXN: NO
CD: 3
SRCD: 0
SO: 57Fe
SAP: 0.8562587171
IN: 2
DP: 0
PLW: 0
PVA: 0
LT: 1
UPO: YES
UMP: NO
AN: 1
PN: 2
WN: 1
EN: 0
LLN: 2
~AMX
1
1
~PMX
1
1
-0.5
0.5
~WMX
1
1

~PARAMETER
NM: AMPLITUDE
VL: 15769.9632177804
STD: 151.3608150051
OP: NO
FX: 0
DT: 0
SR: NO
FSR: 0
DTSR: 0

~RST
RLN: 1
0
0
36142.119674

~PARAMETER
NM: ISOMER SHIFT
VL: 0.3303516892
STD: 0.003808302
OP: NO
FX: 0
DT: 0
SR: NO
FSR: 0
DTSR: 0

~RST
RLN: 2
0
0
0.5
10
0
0

~PARAMETER
NM: Q. SPLITTING
VL: 1.0033113094
STD: 0.0065583159
OP: NO
FX: 0
DT: 0
SR: NO
FSR: 0
DTSR: 0

~RST
RLN: 2
0
0.5
1.5
10
0
0

~PARAMETER
NM: LINE WIDTH
VL: 0.6575502093
STD: 0.0100155726
OP: NO
FX: 0
DT: 0
SR: NO
FSR: 0
DTSR: 0

~RST
RLN: 1
0
0.194
0.582
~CLSUB

~SUBSPECTRUM
NM: Mixed M+Q (1)
FXN: NO
CD: 4
SRCD: 0
SO: 57Fe
SAP: 0.1437412829
IN: 4
DP: 0
PLW: 0
PVA: 0
LT: 1
UPO: YES
UMP: NO
AN: 1
PN: 3
WN: 1
EN: 0
LLN: 6
~AMX
3
2
1
1
2
3
~PMX
1
1
1
1
1
1
-0.160874406
-0.093160281
-0.025446156
0.025446156
0.093160281
0.160874406
0.5
-0.5
-0.5
-0.5
-0.5
0.5
~WMX
1
1
1
1
1
1

~PARAMETER
NM: AMPLITUDE
VL: 441.2207623302
STD: 42.7676030586
OP: NO
FX: 0
DT: 0
SR: NO
FSR: 0
DTSR: 0

~RST
RLN: 1
0
0
12047.373224

~PARAMETER
NM: ISOMER SHIFT
VL: 0.3604793752
STD: 0.0353422528
OP: NO
FX: 0
DT: 0
SR: NO
FSR: 0
DTSR: 0

~RST
RLN: 2
0
0
0.5
10
0
0

~PARAMETER
NM: MAGNETIC FIELD [T]
VL: 50.3713342155
STD: 0.2427629409
OP: NO
FX: 0
DT: 0
SR: NO
FSR: 0
DTSR: 0

~RST
RLN: 1
0
0
63.991683

~PARAMETER
NM: Q. SPLITTING
VL: -0.2807960793
STD: 0.0704387995
OP: NO
FX: 0
DT: 0
SR: NO
FSR: 0
DTSR: 0

~RST
RLN: 1
0
-4.105797
4.105797

~PARAMETER
NM: LINE WIDTH
VL: 0.6575502093
STD: 0.0100155726
OP: NO
FX: 0
DT: 1,X,1,4
SR: NO
FSR: 0
DTSR: 0

~RST
RLN: 1
0
0.194
0.582
~CLSUB
~CLSP
~ENDSGM
