!
-1.02723307898185E+1,144858,1.44528094395528E+5,1.44552790978004E+5,1.44561634787625E+5,1.44548155763749E+5,1.44561433970115E+5
-1.0232156647552E+1,144680,1.44527365903728E+5,1.44552693810852E+5,1.4456160773599E+5,1.44547629570292E+5,1.44561355890558E+5
-1.01919825052856E+1,144987,1.44526606953225E+5,1.44552595505452E+5,1.44561580381991E+5,1.44547076967437E+5,1.44561275202307E+5
-1.01518083630192E+1,144697,1.44525815567047E+5,1.44552496043923E+5,1.44561552721071E+5,1.44546496122486E+5,1.44561191783531E+5
-1.01116342207528E+1,144658,1.44524989598081E+5,1.44552395408024E+5,1.44561524748588E+5,1.44545885040339E+5,1.44561105505093E+5
-1.00714600784864E+1,144236,1.4452412671097E+5,1.44552293579159E+5,1.44561496459809E+5,1.44545241545944E+5,1.44561016230021E+5
-1.003128593622E+1,144731,1.44523224361724E+5,1.44552190538357E+5,1.44561467849912E+5,1.44544563264497E+5,1.44560923812921E+5
-9.99111179395365,144304,1.44522279774697E+5,1.4455208626627E+5,1.4456143891398E+5,1.44543847599061E+5,1.44560828099349E+5
-9.95093765168725,144237,1.44521289916539E+5,1.4455198074316E+5,1.44561409647005E+5,1.44543091705216E+5,1.44560728925122E+5
-9.91076350942084,144802,1.44520251466661E+5,1.44551873948893E+5,1.44561380043877E+5,1.4454229246229E+5,1.44560626115565E+5
-9.87058936715443,144416,1.44519160783668E+5,1.44551765862925E+5,1.44561350099388E+5,1.44541446440623E+5,1.44560519484695E+5
-9.83041522488803,144248,1.44518013867126E+5,1.44551656464297E+5,1.44561319808231E+5,1.44540549864234E+5,1.44560408834328E+5
-9.79024108262162,145098,1.44516806313899E+5,1.44551545731621E+5,1.44561289164989E+5,1.44539598568157E+5,1.44560293953095E+5
-9.75006694035522,144143,1.44515533268168E+5,1.4455143364307E+5,1.44561258164144E+5,1.44538587949538E+5,1.4456017461538E+5
-9.70989279808881,144449,1.44514189364063E+5,1.44551320176369E+5,1.44561226800064E+5,1.44537512911456E+5,1.44560050580137E+5
-9.6697186558224,144290,1.44512768659646E+5,1.44551205308783E+5,1.44561195067007E+5,1.44536367798209E+5,1.44559921589611E+5
-9.629544513556,144358,1.44511264560715E+5,1.44551089017103E+5,1.44561162959117E+5,1.44535146320544E+5,1.44559787367914E+5
-9.58937037128959,144691,1.44509669732623E+5,1.4455097127764E+5,1.44561130470418E+5,1.44533841469053E+5,1.44559647619476E+5
-9.54919622902318,144908,1.44507975997899E+5,1.44550852066205E+5,1.44561097594816E+5,1.44532445413519E+5,1.44559502027323E+5
-9.50902208675678,144634,1.44506174217033E+5,1.44550731358104E+5,1.44561064326093E+5,1.44530949385612E+5,1.44559350251188E+5
-9.46884794449037,144816,1.44504254149194E+5,1.44550609128119E+5,1.44561030657904E+5,1.44529343541714E+5,1.4455919192542E+5
-9.42867380222397,143375,1.44502204288952E+5,1.44550485350501E+5,1.44560996583774E+5,1.4452761680197E+5,1.44559026656671E+5
-9.38849965995756,144448,1.4450001167422E+5,1.44550359998951E+5,1.44560962097097E+5,1.44525756660804E+5,1.44558854021332E+5
-9.34832551769115,144868,1.44497661659496E+5,1.44550233046605E+5,1.4456092719113E+5,1.44523748963028E+5,1.44558673562696E+5
-9.30815137542475,144871,1.44495137647133E+5,1.44550104466027E+5,1.44560891858991E+5,1.44521577638284E+5,1.44558484787793E+5
-9.26797723315834,144625,1.44492420767628E+5,1.44549974229186E+5,1.44560856093655E+5,1.44519224384872E+5,1.44558287163878E+5
-9.22780309089193,144413,1.44489489497685E+5,1.44549842307446E+5,1.4456081988795E+5,1.44516668291742E+5,1.44558080114511E+5
-9.18762894862553,144123,1.44486319202009E+5,1.44549708671545E+5,1.44560783234554E+5,1.44513885384696E+5,1.44557863015178E+5
-9.14745480635912,144611,1.44482881581176E+5,1.44549573291584E+5,1.44560746125992E+5,1.44510848079162E+5,1.44557635188402E+5
-9.10728066409272,144432,1.44479144003268E+5,1.44549436137007E+5,1.4456070855463E+5,1.44507524517345E+5,1.4455739589825E+5
-9.06710652182631,145086,1.44475068690955E+5,1.44549297176585E+5,1.44560670512671E+5,1.44503877761486E+5,1.44557144344177E+5
-9.0269323795599,144218,1.44470611727867E+5,1.44549156378395E+5,1.44560631992156E+5,1.44499864807182E+5,1.44556879654098E+5
-8.9867582372935,144163,1.44465721837886E+5,1.44549013709806E+5,1.4456059298495E+5,1.44495435370511E+5,1.44556600876583E+5
-8.94658409502709,144795,1.44460338877533E+5,1.44548869137458E+5,1.44560553482746E+5,1.44490530389256E+5,1.44556306972037E+5
-8.90640995276068,143734,1.44454391963892E+5,1.44548722627239E+5,1.44560513477059E+5,1.44485080160832E+5,1.44555996802725E+5
-8.86623581049428,144584,1.44447797137001E+5,1.44548574144272E+5,1.44560472959217E+5,1.4447900201602E+5,1.44555669121456E+5
-8.82606166822787,144416,1.44440454424365E+5,1.44548423652886E+5,1.44560431920361E+5,1.44472197396357E+5,1.44555322558724E+5
-8.78588752596147,144360,1.4443224413349E+5,1.44548271116601E+5,1.44560390351436E+5,1.44464548161359E+5,1.44554955608057E+5
-8.74571338369506,144731,1.44423022142636E+5,1.44548116498101E+5,1.44560348243189E+5,1.44455911896021E+5,1.44554566609288E+5
-8.70553924142865,145330,1.44412613885502E+5,1.44547959759212E+5,1.44560305586164E+5,1.44446115914688E+5,1.44554153729402E+5
-8.66536509916225,144459,1.44400806626681E+5,1.44547800860881E+5,1.44560262370692E+5,1.44434949558515E+5,1.44553714940556E+5
-8.62519095689584,144561,1.44387339494314E+5,1.44547639763149E+5,1.44560218586891E+5,1.44422154253446E+5,1.44553247994791E+5
-8.58501681462943,145089,1.44371890567805E+5,1.44547476425125E+5,1.44560174224655E+5,1.44407410627142E+5,1.44552750394847E+5
-8.54484267236303,144136,1.44354060107573E+5,1.44547310804961E+5,1.44560129273652E+5,1.44390321772533E+5,1.4455221936039E+5
-8.50466853009662,144734,1.44333348767098E+5,1.44547142859825E+5,1.44560083723318E+5,1.44370391499089E+5,1.4455165178883E+5
-8.46449438783022,145040,1.44309129379135E+5,1.44546972545872E+5,1.44560037562845E+5,1.44346996164688E+5,1.44551044209693E+5
-8.42432024556381,144643,1.44280610758691E+5,1.44546799818217E+5,1.44559990781181E+5,1.44319348531909E+5,1.44550392731348E+5
-8.3841461032974,144580,1.44246792168008E+5,1.44546624630903E+5,1.44559943367019E+5,1.44286452295466E+5,1.44549692978584E+5
-8.343971961031,143427,1.44206408229292E+5,1.4454644693687E+5,1.44559895308793E+5,1.44247047068368E+5,1.44548940019225E+5
-8.30379781876459,143633,1.44157867441291E+5,1.44546266687926E+5,1.44559846594666E+5,1.44199546985115E+5,1.44548128277547E+5
-8.26362367649818,143968,1.44099195781626E+5,1.44546083834711E+5,1.44559797212529E+5,1.44141984406609E+5,1.44547251431739E+5
-8.22344953423178,144539,1.44028015588936E+5,1.44545898326664E+5,1.44559747149987E+5,1.44071988924228E+5,1.4454630229202E+5
-8.18327539196537,144042,1.43941628838764E+5,1.44545710111987E+5,1.44559696394355E+5,1.43986870781233E+5,1.44545272655153E+5
-8.14310124969897,143917,1.43837347388472E+5,1.44545519137609E+5,1.44559644932648E+5,1.43883951292089E+5,1.44544153130091E+5
-8.10292710743256,143089,1.43713329500487E+5,1.44545325349148E+5,1.44559592751571E+5,1.43761399575621E+5,1.4454293292811E+5
-8.06275296516615,143842,1.43570298962307E+5,1.44545128690872E+5,1.44559539837515E+5,1.43619951928822E+5,1.44541599609062E+5
-8.02257882289975,143280,1.43414419666653E+5,1.4454492910566E+5,1.44559486176541E+5,1.43465786715285E+5,1.44540138773132E+5
-7.98240468063334,143819,1.43260716338056E+5,1.44544726534954E+5,1.44559431754377E+5,1.43313945468079E+5,1.4453853368461E+5
-7.94223053836693,143184,1.43134239397614E+5,1.44544520918725E+5,1.44559376556404E+5,1.43189498216101E+5,1.44536764810347E+5
-7.90205639610053,142880,1.43064218052575E+5,1.4454431219542E+5,1.44559320567646E+5,1.43121697142838E+5,1.44534809250634E+5
-7.86188225383412,143608,1.43070144638606E+5,1.44544100301918E+5,1.44559263772763E+5,1.43130061634228E+5,1.4453264003366E+5
-7.82170811156772,142808,1.43149399016413E+5,1.44543885173484E+5,1.44559206156035E+5,1.43212003554799E+5,1.44530225236059E+5
-7.78153396930131,143886,1.43279010921793E+5,1.44543666743714E+5,1.44559147701354E+5,1.43344590700178E+5,1.4452752688051E+5
-7.7413598270349,143798,1.43429615782415E+5,1.4454344494449E+5,1.44559088392213E+5,1.43498504003672E+5,1.44524499546003E+5
-7.7011856847685,142968,1.43578054341186E+5,1.4454321970592E+5,1.4455902821169E+5,1.43650638921666E+5,1.44521088605874E+5
-7.66101154250209,143600,1.43711359802439E+5,1.44542990956283E+5,1.44558967142441E+5,1.43788094826374E+5,1.44517227981305E+5
-7.62083740023568,143558,1.4382473236048E+5,1.44542758621975E+5,1.4455890516668E+5,1.43906152414323E+5,1.44512837261465E+5
-7.58066325796928,143964,1.4391808922494E+5,1.44542522627447E+5,1.44558842266174E+5,1.44004827442124E+5,1.44507817993158E+5
-7.54048911570287,144238,1.43993429695281E+5,1.44542282895141E+5,1.44558778422221E+5,1.44086240602094E+5,1.44502048879789E+5
-7.50031497343647,144317,1.44053332092931E+5,1.44542039345428E+5,1.4455871361564E+5,1.44153120686523E+5,1.44495379549303E+5
-7.46014083117006,143943,1.44100246115259E+5,1.44541791896538E+5,1.44558647826757E+5,1.44208105041987E+5,1.44487622453941E+5
-7.41996668890365,143522,1.44136222089608E+5,1.44541540464497E+5,1.44558581035385E+5,1.44253479334377E+5,1.44478542359312E+5
-7.37979254663725,144272,1.44162845220904E+5,1.44541284963045E+5,1.44558513220811E+5,1.44291125346583E+5,1.44467842794429E+5
-7.33961840437084,143895,1.44181251013108E+5,1.44541025303569E+5,1.44558444361781E+5,1.44322553610621E+5,1.44455148841102E+5
-7.29944426210443,143926,1.44192163116649E+5,1.44540761395022E+5,1.44558374436477E+5,1.44348962474132E+5,1.44439985914982E+5
-7.25927011983803,143862,1.44195929285905E+5,1.44540493143843E+5,1.44558303422505E+5,1.44371298700466E+5,1.44421755123055E+5
-7.21909597757162,144412,1.44192549397638E+5,1.44540220453871E+5,1.44558231296873E+5,1.44390310536095E+5,1.44399708214763E+5
-7.17892183530522,143712,1.44181702057175E+5,1.4453994322626E+5,1.44558158035971E+5,1.44406591103042E+5,1.44372930795865E+5
-7.13874769303881,144679,1.44162791175497E+5,1.44539661359388E+5,1.44558083615555E+5,1.44420612701475E+5,1.44340354603043E+5
-7.0985735507724,143858,1.44135058678351E+5,1.44539374748759E+5,1.44558008010721E+5,1.44432753470772E+5,1.44300843552062E+5
-7.058399408506,143299,1.44097850933689E+5,1.4453908328691E+5,1.44557931195886E+5,1.44443317950873E+5,1.44253439603983E+5
-7.01822526623959,144187,1.44051179808844E+5,1.44538786863306E+5,1.44557853144766E+5,1.44452552901195E+5,1.44197908003541E+5
-6.97805112397318,144397,1.43996731603848E+5,1.44538485364232E+5,1.44557773830351E+5,1.44460659481183E+5,1.44135734032046E+5
-6.93787698170678,143483,1.43939277000249E+5,1.44538178672686E+5,1.44557693224881E+5,1.44467802656129E+5,1.44071523550518E+5
-6.89770283944037,144400,1.43887745269585E+5,1.44537866668262E+5,1.4455761129982E+5,1.44474118490167E+5,1.44014069915301E+5
-6.85752869717397,143492,1.43854191853646E+5,1.44537549227029E+5,1.44557528025833E+5,1.44479719828557E+5,1.43975315876191E+5
-6.81735455490756,143873,1.43849177015968E+5,1.44537226221408E+5,1.44557443372753E+5,1.44484700748388E+5,1.43965727777382E+5
-6.77718041264115,143767,1.4387566965251E+5,1.44536897520041E+5,1.44557357309558E+5,1.44489140063771E+5,1.43988195863104E+5
-6.73700627037475,144476,1.43927093618513E+5,1.44536562987655E+5,1.44557269804338E+5,1.44493104101675E+5,1.44036077828808E+5
-6.69683212810834,144070,1.43991658591769E+5,1.44536222484922E+5,1.44557180824263E+5,1.44496648912173E+5,1.44097527474375E+5
-6.65665798584193,144182,1.44058429608345E+5,1.44535875868308E+5,1.44557090335557E+5,1.44499822037684E+5,1.44161562470759E+5
-6.61648384357553,144090,1.44120438236158E+5,1.44535522989925E+5,1.44556998303457E+5,1.44502663936392E+5,1.44221174110347E+5
-6.57630970130912,144521,1.44174587585868E+5,1.44535163697366E+5,1.44556904692181E+5,1.44505209132901E+5,1.44273231167383E+5
-6.53613555904272,144047,1.44220289525312E+5,1.4453479783354E+5,1.44556809464894E+5,1.44507487152474E+5,1.44317116178367E+5
-6.49596141677631,144317,1.44258196644417E+5,1.44534425236497E+5,1.44556712583667E+5,1.4450952328255E+5,1.44353456645667E+5
-6.4557872745099,143954,1.44289407441282E+5,1.44534045739244E+5,1.44556614009438E+5,1.44511339195535E+5,1.44383329601029E+5
-6.4156131322435,144335,1.44315065969941E+5,1.44533659169559E+5,1.44556513701973E+5,1.44512953459469E+5,1.44407860742904E+5
-6.37543898997709,144674,1.44336196677481E+5,1.44533265349789E+5,1.44556411619819E+5,1.44514381957462E+5,1.44428058854375E+5
-6.33526484771068,144812,1.44353657006416E+5,1.44532864096641E+5,1.44556307720263E+5,1.44515638232333E+5,1.44444768061143E+5
-6.29509070544428,144343,1.44368141195933E+5,1.44532455220971E+5,1.44556201959282E+5,1.44516733769429E+5,1.44458671350215E+5
-6.25491656317787,144633,1.44380202362282E+5,1.44532038527549E+5,1.44556094291499E+5,1.44517678227891E+5,1.44470312419307E+5
-6.21474242091147,144620,1.44390278190341E+5,1.44531613814831E+5,1.44555984670126E+5,1.44518479628427E+5,1.44480121180921E+5
-6.17456827864506,144628,1.44398714478937E+5,1.44531180874702E+5,1.44555873046913E+5,1.44519144503942E+5,1.44488437157343E+5
-6.13439413637865,143665,1.44405784804348E+5,1.44530739492224E+5,1.44555759372096E+5,1.44519678017938E+5,1.44495529026054E+5
-6.09421999411225,143735,1.44411706228318E+5,1.44530289445359E+5,1.44555643594331E+5,1.44520084054436E+5,1.44501610238156E+5
-6.05404585184584,144394,1.44416651565475E+5,1.44529830504687E+5,1.44555525660642E+5,1.44520365282158E+5,1.44506851221952E+5
-6.01387170957943,144405,1.44420758855528E+5,1.44529362433108E+5,1.44555405516351E+5,1.44520523194861E+5,1.44511388815171E+5
-5.97369756731303,144681,1.44424138639542E+5,1.44528884985532E+5,1.44555283105014E+5,1.44520558128911E+5,1.44515333524048E+5
-5.93352342504662,144465,1.44426879539373E+5,1.44528397908547E+5,1.44555158368351E+5,1.44520469258473E+5,1.44518775107966E+5
-5.89334928278022,144357,1.44429052534964E+5,1.44527900940081E+5,1.44555031246173E+5,1.44520254567932E+5,1.44521786884741E+5
-5.85317514051381,144368,1.44430714243158E+5,1.44527393809042E+5,1.44554901676306E+5,1.44519910800462E+5,1.44524429061312E+5
-5.8130009982474,143920,1.44431909427998E+5,1.44526876234938E+5,1.4455476959451E+5,1.44519433380788E+5,1.44526751321725E+5
-5.772826855981,143835,1.44432672914971E+5,1.44526347927486E+5,1.44554634934399E+5,1.44518816309343E+5,1.44528794847707E+5
-5.73265271371459,144784,1.44433031037502E+5,1.44525808586193E+5,1.44554497627346E+5,1.4451805202389E+5,1.44530593904036E+5
-5.69247857144818,145066,1.44433002710286E+5,1.44525257899923E+5,1.44554357602401E+5,1.44517131223477E+5,1.44532177088449E+5
-5.65230442918178,144244,1.44432600198166E+5,1.44524695546437E+5,1.44554214786184E+5,1.44516042647994E+5,1.44533568321515E+5
-5.61213028691537,144454,1.44431829629073E+5,1.44524121191914E+5,1.44554069102792E+5,1.44514772804682E+5,1.44534787633648E+5
-5.57195614464897,144017,1.4443069128347E+5,1.44523534490445E+5,1.44553920473689E+5,1.4451330563053E+5,1.4453585179277E+5
-5.53178200238256,144526,1.44429179679338E+5,1.44522935083497E+5,1.44553768817596E+5,1.44511622076382E+5,1.44536774805826E+5
-5.49160786011615,144413,1.44427283459944E+5,1.44522322599362E+5,1.44553614050371E+5,1.44509699594603E+5,1.44537568319572E+5
-5.45143371784975,144527,1.44424985080599E+5,1.4452169665256E+5,1.44553456084891E+5,1.4450751150701E+5,1.44538241940102E+5
-5.41125957558334,143992,1.44422260279305E+5,1.44521056843225E+5,1.44553294830919E+5,1.44505026223084E+5,1.44538803486041E+5
-5.37108543331693,144610,1.44419077303887E+5,1.44520402756451E+5,1.4455313019497E+5,1.4450220626965E+5,1.44539259186779E+5
-5.33091129105053,144360,1.44415395853836E+5,1.44519733961602E+5,1.44552962080166E+5,1.44499007081692E+5,1.4453961383434E+5
-5.29073714878412,144299,1.44411165677524E+5,1.44519050011593E+5,1.44552790386088E+5,1.44495375488572E+5,1.44539870895234E+5
-5.25056300651772,144367,1.44406324743192E+5,1.44518350442119E+5,1.44552615008618E+5,1.44491247809594E+5,1.44540032586825E+5
-5.21038886425131,143740,1.44400796873422E+5,1.44517634770855E+5,1.4455243583977E+5,1.44486547445629E+5,1.44540099921132E+5
-5.1702147219849,143937,1.44394488695024E+5,1.44516902496603E+5,1.44552252767517E+5,1.44481181817232E+5,1.44540072717635E+5
-5.1300405797185,144409,1.44387285706535E+5,1.44516153098395E+5,1.44552065675604E+5,1.44475038451204E+5,1.44539949585296E+5
-5.08986643745209,144184,1.44379047199714E+5,1.44515386034542E+5,1.44551874443357E+5,1.44467979953058E+5,1.4453972787272E+5
-5.04969229518568,144469,1.44369599684999E+5,1.44514600741636E+5,1.44551678945472E+5,1.44459837517869E+5,1.44539403583985E+5
-5.00951815291928,143925,1.44358728359156E+5,1.44513796633489E+5,1.44551479051802E+5,1.44450402521745E+5,1.44538971256084E+5
-4.96934401065287,144337,1.44346166013202E+5,1.44512973100011E+5,1.44551274627127E+5,1.44439415597895E+5,1.44538423792132E+5
-4.92916986838647,144498,1.44331578613506E+5,1.44512129506028E+5,1.44551065530914E+5,1.44426552438307E+5,1.4453775224222E+5
-4.88899572612006,144086,1.44314546619127E+5,1.44511265190024E+5,1.44550851617058E+5,1.44411405394987E+5,1.44536945521022E+5
-4.84882158385365,143936,1.44294540986005E+5,1.44510379462811E+5,1.44550632733616E+5,1.44393459845852E+5,1.4453599004769E+5
-4.80864744158725,143889,1.44270892910449E+5,1.44509471606125E+5,1.44550408722518E+5,1.44372064396807E+5,1.44534869288962E+5
-4.76847329932084,144351,1.44242757046321E+5,1.44508540871128E+5,1.4455017941927E+5,1.44346394679562E+5,1.44533563180324E+5
-4.72829915705444,143856,1.44209070002217E+5,1.44507586476829E+5,1.4454994465263E+5,1.44315412584613E+5,1.44532047392108E+5
-4.68812501478803,144288,1.44168511101831E+5,1.44506607608396E+5,1.44549704244272E+5,1.4427782795634E+5,1.44530292396786E+5
-4.64795087252162,144169,1.44119484109269E+5,1.44505603415378E+5,1.44549458008426E+5,1.44232081509872E+5,1.44528262279556E+5
-4.60777673025522,143597,1.44060163161066E+5,1.44504573009805E+5,1.44549205751501E+5,1.4417639228822E+5,1.44525913215503E+5
-4.56760258798881,143067,1.43988692913294E+5,1.44503515464174E+5,1.44548947271678E+5,1.44108959769902E+5,1.44523191511503E+5
-4.5274284457224,143654,1.43903708656894E+5,1.44502429809302E+5,1.44548682358487E+5,1.44028486515167E+5,1.44520031077901E+5
-4.487254303456,143740,1.43805423140672E+5,1.4450131503205E+5,1.4454841079235E+5,1.43935268268385E+5,1.44516350151851E+5
-4.44708016118959,144146,1.43697479793128E+5,1.44500170072887E+5,1.44548132344101E+5,1.43833051440535E+5,1.44512047039568E+5
-4.40690601892319,142986,1.43589242955184E+5,1.4449899382331E+5,1.44547846774471E+5,1.43731328882147E+5,1.4450699457922E+5
-4.36673187665678,143060,1.43496797191121E+5,1.44497785123077E+5,1.44547553833548E+5,1.43646346382358E+5,1.44501032956102E+5
-4.32655773439037,142958,1.43439507793315E+5,1.44496542757269E+5,1.44547253260193E+5,1.43597672432099E+5,1.44493960447718E+5
-4.28638359212397,143592,1.43431024212491E+5,1.4449526545315E+5,1.44546944781425E+5,1.4359921338999E+5,1.44485521691889E+5
-4.24620944985756,144298,1.43470571639067E+5,1.44493951876807E+5,1.44546628111767E+5,1.43650519472037E+5,1.4447539328242E+5
-4.20603530759115,143309,1.43543241272303E+5,1.4449260062957E+5,1.44546302952539E+5,1.43737091607689E+5,1.4446316718647E+5
-4.16586116532475,143484,1.43628942848827E+5,1.44491210244173E+5,1.44545968991117E+5,1.4383935046781E+5,1.4444833424969E+5
-4.12568702305834,143403,1.43711150495471E+5,1.44489779180656E+5,1.44545625900137E+5,1.43941392382165E+5,1.44430274136476E+5
-4.08551288079193,143548,1.43780021513394E+5,1.4448830582197E+5,1.44545273336638E+5,1.44034096714648E+5,1.44408266744101E+5
-4.04533873852553,143580,1.43831306038223E+5,1.44486788469267E+5,1.4454491094116E+5,1.44113970638581E+5,1.44381557093179E+5
-4.00516459625912,144137,1.43864226230462E+5,1.44485225336851E+5,1.44544538336769E+5,1.44180849186143E+5,1.44349534474663E+5
-3.96499045399272,144424,1.43880050970842E+5,1.44483614546763E+5,1.44544155128016E+5,1.44236080346048E+5,1.44312122053979E+5
-3.92481631172631,144376,1.43881741751049E+5,1.4448195412296E+5,1.44543760899829E+5,1.44281473611181E+5,1.44270474221043E+5
-3.8846421694599,144310,1.4387439853964E+5,1.44480241985063E+5,1.44543355216318E+5,1.44318801142535E+5,1.44227921299689E+5
-3.8444680271935,144312,1.43865703409202E+5,1.44478475941627E+5,1.44542937619496E+5,1.44349607838134E+5,1.4419060311391E+5
-3.80429388492709,143905,1.43864970434048E+5,1.44476653682905E+5,1.44542507627912E+5,1.44375169291056E+5,1.44166560936139E+5
-3.76411974266068,143668,1.43879862778358E+5,1.44474772773049E+5,1.44542064735175E+5,1.4439651089086E+5,1.44162435483236E+5
-3.72394560039428,144129,1.43912465556883E+5,1.44472830641696E+5,1.44541608408379E+5,1.44414446609563E+5,1.4417950100121E+5
-3.68377145812787,143510,1.43958460251116E+5,1.44470824574894E+5,1.44541138086395E+5,1.44429619631238E+5,1.44212799062552E+5
-3.64359731586147,143960,1.44010346832778E+5,1.44468751705307E+5,1.44540653178052E+5,1.44442538217733E+5,1.44254324835649E+5
-3.60342317359506,143518,1.44061418090462E+5,1.44466609001616E+5,1.44540153060159E+5,1.44453605147224E+5,1.44296971985427E+5
-3.56324903132865,143662,1.44107604863739E+5,1.44464393257055E+5,1.44539637075389E+5,1.44463141030672E+5,1.44336354604586E+5
-3.52307488906225,144450,1.44147284673671E+5,1.44462101077007E+5,1.44539104529987E+5,1.44471402451126E+5,1.44370597719515E+5
-3.48290074679584,143960,1.44180364696564E+5,1.4445972886554E+5,1.44538554691299E+5,1.44478595958276E+5,1.44399406285413E+5
-3.44272660452943,144280,1.44207474859822E+5,1.44457272810816E+5,1.44537986785106E+5,1.4448488883566E+5,1.44423247532204E+5
-3.40255246226303,144276,1.44229476698631E+5,1.44454728869234E+5,1.44537399992734E+5,1.44490417390019E+5,1.44442851550607E+5
-3.36237831999662,144235,1.44247222780447E+5,1.44452092748195E+5,1.44536793447933E+5,1.44495293350408E+5,1.44458964337875E+5
-3.32220417773022,144508,1.44261462027445E+5,1.44449359887344E+5,1.44536166233491E+5,1.44499608827943E+5,1.44472248182631E+5
-3.28203003546381,144384,1.44272816682491E+5,1.44446525438138E+5,1.44535517377566E+5,1.44503440178384E+5,1.44483254792367E+5
-3.2418558931974,144250,1.44281789598972E+5,1.4444358424156E+5,1.44534845849706E+5,1.44506851026025E+5,1.44492429585644E+5
-3.201681750931,144302,1.44288781709389E+5,1.44440530803785E+5,1.4453415055652E+5,1.44509894643879E+5,1.44500126809169E+5
-3.16150760866459,144730,1.44294110851006E+5,1.44437359269584E+5,1.44533430336977E+5,1.44512615837445E+5,1.44506626510964E+5
-3.12133346639818,144486,1.44298028596337E+5,1.44434063393224E+5,1.44532683957283E+5,1.44515052443659E+5,1.44512149906134E+5
-3.08115932413178,144608,1.44300734175487E+5,1.44430636506575E+5,1.44531910105307E+5,1.44517236529828E+5,1.44516872137741E+5
-3.04098518186537,144052,1.4430238556549E+5,1.44427071484131E+5,1.4453110738449E+5,1.44519195357352E+5,1.4452093244348E+5
-3.00081103959897,143940,1.44303108155543E+5,1.4442336070459E+5,1.44530274307203E+5,1.44520952159906E+5,1.44524442087808E+5
-2.96063689733256,143378,1.44303001455381E+5,1.44419496008596E+5,1.4452940928748E+5,1.44522526774383E+5,1.44527490488885E+5
-2.92046275506615,144059,1.44302144268885E+5,1.44415468652211E+5,1.44528510633071E+5,1.44523936154245E+5,1.44530149933322E+5
-2.88028861279975,144728,1.44300598680823E+5,1.44411269255597E+5,1.44527576536725E+5,1.44525194788338E+5,1.44532479204126E+5
-2.84011447053334,144705,1.44298413130911E+5,1.44406887746356E+5,1.4452660506664E+5,1.44526315043164E+5,1.44534526378715E+5
-2.79994032826693,144004,1.44295624786354E+5,1.44402313296866E+5,1.44525594155959E+5,1.44527307442691E+5,1.44536330994801E+5
-2.75976618600053,144314,1.44292261373442E+5,1.44397534254886E+5,1.44524541591235E+5,1.44528180896756E+5,1.44537925734529E+5
-2.71959204373412,143898,1.44288342589533E+5,1.44392538066579E+5,1.44523444999713E+5,1.44528942886718E+5,1.44539337740488E+5
-2.67941790146772,144651,1.44283881186822E+5,1.44387311191007E+5,1.44522301835321E+5,1.44529599615137E+5,1.4454058964932E+5
-2.63924375920131,143897,1.44278883796575E+5,1.44381839004988E+5,1.44521109363197E+5,1.44530156124748E+5,1.44541700407606E+5
-2.5990696169349,144440,1.44273351545381E+5,1.44376105697056E+5,1.44519864642582E+5,1.44530616390741E+5,1.44542685918966E+5
-2.5588954746685,143982,1.4426728050189E+5,1.44370094149086E+5,1.44518564507885E+5,1.44530983389371E+5,1.44543559559511E+5
-2.51872133240209,144486,1.44260661982558E+5,1.44363785803907E+5,1.44517205547685E+5,1.44531259144999E+5,1.44544332589931E+5
-2.47854719013568,143921,1.4425348273719E+5,1.44357160516985E+5,1.44515784081418E+5,1.4453144475693E+5,1.4454501448582E+5
-2.43837304786928,144365,1.4424572502895E+5,1.44350196389953E+5,1.44514296133452E+5,1.44531540406672E+5,1.44545613202837E+5
-2.39819890560287,144428,1.44237366618635E+5,1.44342869583412E+5,1.44512737404207E+5,1.44531545345554E+5,1.44546135389426E+5
-2.35802476333647,144426,1.44228380658829E+5,1.44335154106004E+5,1.44511103237951E+5,1.44531457861938E+5,1.445465865569E+5
-2.31785062107006,145156,1.4421873550003E+5,1.44327021576284E+5,1.44509388586796E+5,1.44531275226505E+5,1.44546971214409E+5
-2.27767647880365,145524,1.44208394407519E+5,1.44318440953316E+5,1.44507587970415E+5,1.4453099361322E+5,1.44547292974532E+5
-2.23750233653725,144652,1.44197315184563E+5,1.44309378231235E+5,1.44505695430872E+5,1.44530607992624E+5,1.44547554633795E+5
-2.19732819427084,144244,1.44185449694283E+5,1.44299796092208E+5,1.44503704481884E+5,1.44530111992858E+5,1.44547758231296E+5
-2.15715405200443,143934,1.4417274326897E+5,1.44289653511222E+5,1.4450160805173E+5,1.44529497722391E+5,1.4454790508759E+5
-2.11697990973803,144086,1.44159133991615E+5,1.44278905304971E+5,1.44499398418894E+5,1.4452875554652E+5,1.44547995825194E+5
-2.07680576747162,144729,1.44144551829743E+5,1.44267501615706E+5,1.44497067139367E+5,1.44527873807376E+5,1.44548030371258E+5
-2.03663162520522,143842,1.44128917595916E+5,1.44255387319211E+5,1.44494604964381E+5,1.44526838474076E+5,1.44548007942212E+5
-1.99645748293881,144748,1.441121417023E+5,1.44242501344032E+5,1.44492001747113E+5,1.44525632705723E+5,1.44547927009396E+5
-1.9562833406724,144102,1.44094122667881E+5,1.44228775886614E+5,1.44489246336676E+5,1.44524236304691E+5,1.44547785243865E+5
-1.916109198406,144165,1.44074745325771E+5,1.44214135504012E+5,1.44486326457392E+5,1.44522625030791E+5,1.44547579437538E+5
-1.87593505613959,144480,1.44053878663747E+5,1.44198496062194E+5,1.44483228571034E+5,1.4452076973778E+5,1.44547305396704E+5
-1.83576091387318,144614,1.44031373212715E+5,1.44181763513504E+5,1.44479937719245E+5,1.44518635281503E+5,1.44546957802426E+5
-1.79558677160678,144360,1.44007057873774E+5,1.44163832471453E+5,1.44476437342918E+5,1.44516179132821E+5,1.44546530030546E+5
-1.75541262934037,144349,1.43980736043308E+5,1.44144584544308E+5,1.44472709074646E+5,1.44513349606758E+5,1.4454601392156E+5
-1.71523848707397,144512,1.43952180854649E+5,1.44123886380807E+5,1.444687324997E+5,1.44510083590554E+5,1.44545399487551E+5
-1.67506434480756,144012,1.43921129301637E+5,1.44101587371237E+5,1.44464484880063E+5,1.44506303615088E+5,1.44544674539213E+5
-1.63489020254115,143475,1.4388727494059E+5,1.44077516934699E+5,1.44459940835053E+5,1.44501914064276E+5,1.44543824210526E+5
-1.59471606027475,144117,1.43850258779765E+5,1.44051481308029E+5,1.44455071970785E+5,1.44496796253534E+5,1.4454283035138E+5
-1.55454191800834,143492,1.43809657857949E+5,1.44023259732875E+5,1.44449846449168E+5,1.44490802031159E+5,1.44541670748711E+5
-1.51436777574193,143837,1.43764970890751E+5,1.43992599913938E+5,1.44444228485329E+5,1.44483745471645E+5,1.44540318123802E+5
-1.47419363347553,144034,1.43715600242932E+5,1.4395921259238E+5,1.44438177760063E+5,1.44475392158052E+5,1.445387388364E+5
-1.43401949120912,144196,1.43660829420845E+5,1.43922765042597E+5,1.44431648731201E+5,1.44465445546894E+5,1.44536891204117E+5
-1.39384534894272,143562,1.43599795400323E+5,1.43882873256592E+5,1.44424589824482E+5,1.44453530105491E+5,1.44534723317723E+5
-1.35367120667631,143655,1.43531455708613E+5,1.43839092526523E+5,1.444169424805E+5,1.44439171605846E+5,1.44532170199706E+5
-1.3134970644099,143232,1.43454551907272E+5,1.43790906071271E+5,1.44408640029465E+5,1.44421776791905E+5,1.44529150118595E+5
-1.2733229221435,143786,1.43367575303016E+5,1.4373771127601E+5,1.44399606359685E+5,1.44400618924877E+5,1.44525559846408E+5
-1.23314877987709,143598,1.4326874988661E+5,1.43678803025226E+5,1.44389754338739E+5,1.44374844966154E+5,1.44521268660455E+5
-1.19297463761068,143936,1.43156065898733E+5,1.43613353512075E+5,1.44378983938056E+5,1.44343538540417E+5,1.44516111012148E+5
-1.15280049534428,143640,1.4302742988766E+5,1.43540387808825E+5,1.44367180002046E+5,1.44305905013534E+5,1.44509878167219E+5
-1.11262635307787,142951,1.42881041117726E+5,1.43458754402396E+5,1.44354209591982E+5,1.4426168813854E+5,1.44502310088772E+5
-1.07245221081147,143512,1.42716122269891E+5,1.43367089872461E+5,1.44339918822912E+5,1.44211943635164E+5,1.44493091043317E+5
-1.03227806854506,142326,1.42533996607964E+5,1.43263776986961E+5,1.44324129099565E+5,1.44160154548329E+5,1.44481857077073E+5
-9.92103926278654E-1,142177,1.42338992244977E+5,1.43146895840109E+5,1.44306632646208E+5,1.44113152340028E+5,1.44468232522596E+5
-9.51929784012247E-1,142321,1.42137829702393E+5,1.43014168492435E+5,1.44287187218628E+5,1.44080467414492E+5,1.44451927680802E+5
-9.11755641745841E-1,141463,1.41936245290434E+5,1.42862899297771E+5,1.44265509889277E+5,1.44070809982576E+5,1.44432947224774E+5
-8.71581499479435E-1,141911,1.41734314977778E+5,1.42689916415987E+5,1.44241269818866E+5,1.44087094699397E+5,1.44411955147492E+5
-8.31407357213029E-1,141169,1.41524911443003E+5,1.42491526073045E+5,1.44214079985751E+5,1.44124476525888E+5,1.44390749962282E+5
-7.91233214946622E-1,141023,1.4129714235999E+5,1.42263501785769E+5,1.44183487966449E+5,1.44173537645796E+5,1.4437253606594E+5
-7.51059072680216E-1,141293,1.4104079367573E+5,1.42001148732712E+5,1.44148966092927E+5,1.44225243693926E+5,1.44361356260129E+5
-7.1088493041381E-1,140285,1.40747513884561E+5,1.41699512162592E+5,1.44109901730588E+5,1.44273680740905E+5,1.44360340354439E+5
-6.70710788147404E-1,139853,1.40409425338072E+5,1.41353841028085E+5,1.44065589144888E+5,1.44316122264525E+5,1.44369794004537E+5
-6.30536645880997E-1,139697,1.40018723482958E+5,1.40960471736847E+5,1.44015225637563E+5,1.44351956926385E+5,1.44386990286126E+5
-5.90362503614591E-1,139480,1.39569874727972E+5,1.40518343764297E+5,1.43957916599932E+5,1.44381641582277E+5,1.4440789388543E+5
-5.50188361348185E-1,138843,1.39063218034459E+5,1.40031342937133E+5,1.43892697194929E+5,1.44406031195018E+5,1.44429067811342E+5
-5.10014219081779E-1,138691,1.38508626428862E+5,1.39511468113266E+5,1.43818582898141E+5,1.44426036227142E+5,1.44448460294277E+5
-4.69840076815372E-1,137118,1.37928709905613E+5,1.38982250447722E+5,1.43734667229363E+5,1.44442478678462E+5,1.4446523465403E+5
-4.29665934548966E-1,137349,1.37360539887538E+5,1.38480823271137E+5,1.43640291971058E+5,1.44456048719111E+5,1.44479297030196E+5
-3.8949179228256E-1,137341,1.36853549741092E+5,1.38055942644472E+5,1.43535320123729E+5,1.44467305573774E+5,1.44490902503081E+5
-3.49317650016154E-1,137311,1.36461169314215E+5,1.37759437921224E+5,1.43420537547988E+5,1.44476694551869E+5,1.44500420397098E+5
-3.09143507749747E-1,136941,1.36226738369267E+5,1.37631689826101E+5,1.43298181658212E+5,1.44484567598191E+5,1.44508220390727E+5
-2.68969365483341E-1,136483,1.36169523937291E+5,1.37687090181339E+5,1.43172524798832E+5,1.44491202345714E+5,1.4451462771537E+5
-2.28795223216935E-1,136208,1.36279220959337E+5,1.37908098443422E+5,1.43050313528184E+5,1.44496818106384E+5,1.44519911985311E+5
-1.88621080950529E-1,136579,1.36522591074057E+5,1.38251919518808E+5,1.42940713775014E+5,1.44501588674861E+5,1.44524290209337E+5
-1.48446938684122E-1,136676,1.36857298599182E+5,1.38665275402293E+5,1.42854357391317E+5,1.445056523388E+5,1.44527934570736E+5
-1.08272796417716E-1,136746,1.37244129654693E+5,1.39098625904576E+5,1.42801324371437E+5,1.44509119612808E+5,1.44530980869836E+5
-6.809865415131E-2,136793,1.3765241869314E+5,1.39514218520247E+5,1.42788506022224E+5,1.44512079182867E+5,1.44533536071766E+5
-2.79245118849037E-2,138676,1.38059486446585E+5,1.39887669307301E+5,1.42817451239469E+5,1.44514602469082E+5,1.44535684534697E+5
1.22496303815025E-2,137741,1.3844784540563E+5,1.40205682197934E+5,1.42883844229723E+5,1.44516747130505E+5,1.44537492951431E+5
5.24237726479088E-2,138011,1.38803124887459E+5,1.40462554348764E+5,1.42978917689622E+5,1.44518559761725E+5,1.44539014191311E+5
9.2597914914315E-2,139662,1.39113440606662E+5,1.40656992959324E+5,1.43092000524279E+5,1.44520077970947E+5,1.44540290256076E+5
1.32772057180721E-1,139591,1.39369492659655E+5,1.40789766634803E+5,1.43212960604265E+5,1.4452133198238E+5,1.4454135454217E+5
1.72946199447128E-1,140304,1.39564561716498E+5,1.40862181518737E+5,1.43333721864224E+5,1.44522345869993E+5,1.44542233567507E+5
2.13120341713534E-1,139796,1.39694104761972E+5,1.40875197528839E+5,1.43448741548193E+5,1.44523138502447E+5,1.44542948286457E+5
2.5329448397994E-1,140355,1.39755099164322E+5,1.40829004922411E+5,1.43554775999868E+5,1.44523724258452E+5,1.44543515087554E+5
2.93468626246346E-1,140109,1.3974542899913E+5,1.40722952715166E+5,1.43650337287159E+5,1.4452411355602E+5,1.44543946544749E+5
3.33642768512752E-1,140087,1.396635731863E+5,1.40555808986604E+5,1.43735120102132E+5,1.44524313226917E+5,1.44544251974611E+5
3.73816910779159E-1,139692,1.3950879724612E+5,1.40326423361148E+5,1.43809530393481E+5,1.44524326757955E+5,1.445444378375E+5
4.13991053045565E-1,139324,1.39282032981424E+5,1.40034944179471E+5,1.43874347483564E+5,1.44524154412815E+5,1.44544508009538E+5
4.54165195311971E-1,138423,1.38987626569382E+5,1.39684786528079E+5,1.43930503960784E+5,1.44523793241256E+5,1.44544463943227E+5
4.94339337578378E-1,138382,1.38636044561063E+5,1.39285470499832E+5,1.4397895346186E+5,1.44523236976203E+5,1.44544304727131E+5
5.34513479844784E-1,138391,1.38247276767529E+5,1.38856097121638E+5,1.44020597888421E+5,1.44522475812971E+5,1.44544027048462E+5
5.7468762211119E-1,137317,1.37853882541846E+5,1.38428430438485E+5,1.44056252093085E+5,1.44521496058087E+5,1.44543625056153E+5
6.14861764377596E-1,137463,1.37501468316422E+5,1.38047388874123E+5,1.44086630803166E+5,1.44520279627516E+5,1.44543090115582E+5
6.55035906644002E-1,137380,1.37243698285182E+5,1.37766057680173E+5,1.44112347905379E+5,1.44518803364713E+5,1.44542410438882E+5
6.95210048910409E-1,136773,1.37130435709859E+5,1.37633826117281E+5,1.44133921993033E+5,1.44517038137268E+5,1.44541570566241E+5
7.35384191176815E-1,136877,1.3719220275098E+5,1.37680840972452E+5,1.44151784563733E+5,1.44514947655802E+5,1.44540550662956E+5
7.75558333443221E-1,137542,1.37428964318432E+5,1.37906784082823E+5,1.44166288817023E+5,1.44512486939098E+5,1.44539325583451E+5
8.15732475709627E-1,137832,1.37810506719313E+5,1.38281245917514E+5,1.44177717946242E+5,1.44509600323466E+5,1.44537863636055E+5
8.55906617976034E-1,138588,1.38288164862829E+5,1.38755449755955E+5,1.44186292370785E+5,1.44506218880118E+5,1.44536124959934E+5
8.9608076024244E-1,138249,1.38810380367881E+5,1.39277809350785E+5,1.44192175664009E+5,1.44502257059459E+5,1.44534059397592E+5
9.36254902508846E-1,138974,1.39334253116819E+5,1.39805483089676E+5,1.44195479094613E+5,1.44497608323476E+5,1.44531603713018E+5
9.76429044775252E-1,140540,1.39830200416756E+5,1.40309039319317E+5,1.44196264775354E+5,1.44492139455648E+5,1.445286779704E+5
1.01660318704166,140095,1.4028128617925E+5,1.40771795827108E+5,1.44194547439335E+5,1.44485683154665E+5,1.44525180862106E+5
1.05677732930806,140590,1.40680109632228E+5,1.41186723650893E+5,1.44190294863147E+5,1.44478028436571E+5,1.44520983785582E+5
1.09695147157447,141385,1.41025385625565E+5,1.41553047877724E+5,1.44183426942276E+5,1.44468908326549E+5,1.44515923582979E+5
1.13712561384088,141741,1.41319189460898E+5,1.4187351852734E+5,1.4417381340737E+5,1.44457984407963E+5,1.44509794222188E+5
1.17729975610728,141546,1.41565064965331E+5,1.42152549058035E+5,1.44161270159579E+5,1.44444828223538E+5,1.44502338628142E+5
1.21747389837369,141465,1.41766859959812E+5,1.42395082092626E+5,1.4414555421039E+5,1.44428900754932E+5,1.44493244005828E+5
1.2576480406401,142398,1.41928083383111E+5,1.42605964500229E+5,1.44126357252965E+5,1.44409534215446E+5,1.44482148518435E+5
1.2978221829065,141976,1.42051623305432E+5,1.42789643354414E+5,1.44103297994916E+5,1.4438592710159E+5,1.44468675958475E+5
1.33799632517291,141858,1.42139748382901E+5,1.42950048825026E+5,1.44075913590839E+5,1.44357177298595E+5,1.44452529772404E+5
1.37817046743931,142067,1.42194407263136E+5,1.43090578238664E+5,1.44043650898587E+5,1.44322403867766E+5,1.44433695362083E+5
1.41834460970572,142094,1.42217913910535E+5,1.43214130023977E+5,1.44005858960181E+5,1.44281048192759E+5,1.44412797837582E+5
1.45851875197213,141901,1.4221408075095E+5,1.43323158510962E+5,1.43961785251697E+5,1.44233481782918E+5,1.44391576309337E+5
1.49869289423853,142395,1.42189568052324E+5,1.43419734037839E+5,1.43910580111358E+5,1.44181998750474E+5,1.44373176256616E+5
1.53886703650494,142002,1.42154568718247E+5,1.43505600627585E+5,1.43851316678394E+5,1.44131939450714E+5,1.44361633065517E+5
1.57904117877135,141603,1.42121435161766E+5,1.43582227841975E+5,1.43783038019309E+5,1.44091926372897E+5,1.44360164031548E+5
1.61921532103775,141780,1.42100635680143E+5,1.43650855736843E+5,1.43704849056975E+5,1.44071629334855E+5,1.44369222655434E+5
1.65938946330416,141719,1.42095860032051E+5,1.4371253300483E+5,1.43616077872098E+5,1.44076980333814E+5,1.44386189925274E+5
1.69956360557056,141718,1.42102162899315E+5,1.43768148918428E+5,1.4351653636635E+5,1.44106355965175E+5,1.44407042753326E+5
1.73973774783697,142789,1.42109418811059E+5,1.43818459874145E+5,1.4340690752149E+5,1.44151680813833E+5,1.44428291705556E+5
1.77991189010338,141710,1.4210851396637E+5,1.43864111355279E+5,1.43289262332222E+5,1.44203238653414E+5,1.44447822729419E+5
1.82008603236978,142483,1.42095773658066E+5,1.43905656067853E+5,1.43167644384456E+5,1.44253639145766E+5,1.44464755163955E+5
1.86026017463619,142026,1.42074047362414E+5,1.43943568910708E+5,1.43048539393737E+5,1.44298888171599E+5,1.44478971990334E+5
1.9004343169026,142213,1.42051563092497E+5,1.43978259341472E+5,1.42940894492656E+5,1.44337611136273E+5,1.4449071922606E+5
1.940608459169,142306,1.42039714816506E+5,1.44010081607026E+5,1.42855278092989E+5,1.44369911600441E+5,1.44500364620014E+5
1.98078260143541,141626,1.4205020331735E+5,1.44039343224947E+5,1.42801969550011E+5,1.44396532071594E+5,1.44508279574761E+5
2.02095674370181,142437,1.42091914616969E+5,1.44066312032399E+5,1.42788345328473E+5,1.44418386190025E+5,1.44514792170036E+5
2.06113088596822,141989,1.42168430295396E+5,1.44091222060569E+5,1.42816610271868E+5,1.44436344052719E+5,1.44520175014204E+5
2.10130502823463,142739,1.42277222763172E+5,1.44114278444718E+5,1.42883062814657E+5,1.44451154720384E+5,1.44524647887376E+5
2.14147917050103,142759,1.42410879052165E+5,1.44135661540672E+5,1.42979320343234E+5,1.44463432839222E+5,1.44528385433E+5
2.18165331276744,142812,1.42559610313138E+5,1.44155530386774E+5,1.43094804444178E+5,1.4447367095861E+5,1.4453152562754E+5
2.22182745503385,142246,1.42713788855117E+5,1.44174025624513E+5,1.43219247429267E+5,1.44482259509925E+5,1.44534177395376E+5
2.26200159730025,142868,1.42865611796827E+5,1.44191271970233E+5,1.43344327173824E+5,1.44489506844379E+5,1.44536426912354E+5
2.30217573956666,142943,1.43009704350255E+5,1.44207380313438E+5,1.43464245898817E+5,1.44495656622708E+5,1.44538342619256E+5
2.34234988183306,142923,1.43142962273987E+5,1.44222449503608E+5,1.43575552772056E+5,1.44500901972853E+5,1.44539979129434E+5
2.38252402409947,143033,1.43264041587412E+5,1.44236567876382E+5,1.43676617912946E+5,1.44505396656876E+5,1.44541380245173E+5
2.42269816636588,142960,1.43372792528107E+5,1.44249814561016E+5,1.4376705405328E+5,1.44509263740266E+5,1.44542581277509E+5
2.46287230863228,143432,1.43469784172586E+5,1.4426226060372E+5,1.43847231568542E+5,1.44512602274081E+5,1.44543610830206E+5
2.50304645089869,143132,1.4355596011227E+5,1.44273969935558E+5,1.43917926671602E+5,1.44515492434631E+5,1.44544492174443E+5
2.5432205931651,143286,1.43632413129382E+5,1.44285000208736E+5,1.43980090232412E+5,1.44517999480615E+5,1.44545244311582E+5
2.5833947354315,143683,1.43700249895851E+5,1.44295403521138E+5,1.44034707872177E+5,1.44520176808547E+5,1.44545882797953E+5
2.62356887769791,143949,1.43760517005814E+5,1.44305227045684E+5,1.44082722355251E+5,1.4452206832137E+5,1.44546420387473E+5
2.66374301996431,143501,1.43814165839811E+5,1.44314513578435E+5,1.44124995557998E+5,1.44523710273165E+5,1.44546867534176E+5
2.70391716223072,144410,1.43862040532123E+5,1.4432330201711E+5,1.44162294119738E+5,1.44525132712901E+5,1.44547232786337E+5
2.74409130449713,143672,1.43904878804728E+5,1.44331627779871E+5,1.44195288412747E+5,1.44526360619973E+5,1.44547523096101E+5
2.78426544676353,144073,1.43943319343799E+5,1.44339523172695E+5,1.44224558410787E+5,1.44527414801574E+5,1.44547744062707E+5
2.82443958902994,144045,1.4397791198439E+5,1.4434701771238E+5,1.44250602648056E+5,1.4452831260495E+5,1.44547900122968E+5
2.86461373129635,144209,1.44009128601849E+5,1.44354138411176E+5,1.44273848110414E+5,1.44529068484856E+5,1.44547994699367E+5
2.90478787356275,143986,1.44037373600505E+5,1.44360910028144E+5,1.44294659905797E+5,1.44529694456973E+5,1.44548030313555E+5
2.94496201582916,144021,1.44062993473091E+5,1.44367355291589E+5,1.44313350153518E+5,1.44530200460831E+5,1.44548008671115E+5
2.98513615809556,144132,1.44086285234588E+5,1.44373495096313E+5,1.4433018587005E+5,1.4453059465032E+5,1.44547930721869E+5
3.02531030036197,144107,1.44107503712622E+5,1.4437934867886E+5,1.44345395813199E+5,1.44530883625729E+5,1.44547796698799E+5
3.06548444262838,144297,1.441268677658E+5,1.44384933773537E+5,1.44359176340553E+5,1.44531072618044E+5,1.44547606137629E+5
3.10565858489478,144721,1.44144565539902E+5,1.44390266751556E+5,1.44371696380323E+5,1.44531165633767E+5,1.4454735787822E+5
3.14583272716119,143487,1.44160758882326E+5,1.44395362745355E+5,1.4438310162619E+5,1.4453116556659E+5,1.44547050048155E+5
3.1860068694276,144329,1.44175587031035E+5,1.4440023575988E+5,1.44393518066273E+5,1.44531074280712E+5,1.44546680028134E+5
3.226181011694,144416,1.44189169683212E+5,1.44404898772355E+5,1.44403054947437E+5,1.44530892669368E+5,1.44546244398017E+5
3.26635515396041,144058,1.44201609534993E+5,1.44409363821888E+5,1.44411807264451E+5,1.44530620691079E+5,1.4454573886154E+5
3.30652929622681,144311,1.44212994369391E+5,1.44413642090074E+5,1.44419857851194E+5,1.44530257385311E+5,1.44545158146775E+5
3.34670343849322,144518,1.44223398755875E+5,1.44417743973619E+5,1.44427279139496E+5,1.44529800868406E+5,1.44544495878317E+5
3.38687758075963,144312,1.4423288541243E+5,1.44421679149865E+5,1.44434134640752E+5,1.44529248309976E+5,1.44543744415802E+5
3.42705172302603,144367,1.44241506269326E+5,1.44425456636012E+5,1.44440480196366E+5,1.44528595889231E+5,1.4454289465168E+5
3.46722586529244,144775,1.44249303263161E+5,1.44429084842715E+5,1.44446365035342E+5,1.44527838730034E+5,1.44541935759034E+5
3.50740000755885,144474,1.44256308879574E+5,1.44432571622646E+5,1.44451832670818E+5,1.44526970812662E+5,1.44540854877412E+5
3.54757414982525,144382,1.44262546453078E+5,1.44435924314584E+5,1.44456921661894E+5,1.44525984859461E+5,1.44539636721103E+5
3.58774829209166,144163,1.44268030222117E+5,1.44439149783463E+5,1.44461666262618E+5,1.44524872190518E+5,1.44538263089482E+5
3.62792243435806,144271,1.44272765126277E+5,1.44442254456829E+5,1.44466096976222E+5,1.44523622544333E+5,1.44536712252857E+5
3.66809657662447,144248,1.44276746319631E+5,1.44445244358044E+5,1.44470241029664E+5,1.44522223856969E+5,1.44534958178917E+5
3.70827071889088,144485,1.44279958358812E+5,1.44448125136583E+5,1.44474122780958E+5,1.44520661991381E+5,1.44532969553853E+5
3.74844486115728,143852,1.44282374005195E+5,1.44450902095701E+5,1.44477764069701E+5,1.4451892040629E+5,1.44530708537467E+5
3.78861900342369,144450,1.44283952556229E+5,1.44453580217733E+5,1.44481184519482E+5,1.44516979751086E+5,1.44528129171891E+5
3.8287931456901,144346,1.44284637589561E+5,1.44456164187254E+5,1.44484401799416E+5,1.44514817369479E+5,1.44525175337376E+5
3.8689672879565,143942,1.4428435396301E+5,1.44458658412307E+5,1.44487431850882E+5,1.44512406689771E+5,1.44521778114013E+5
3.90914143022291,144407,1.44283003861256E+5,1.44461067043879E+5,1.4449028908457E+5,1.44509716473327E+5,1.44517852363444E+5
3.94931557248931,143722,1.44280461614623E+5,1.44463393993784E+5,1.44492986552125E+5,1.44506709884532E+5,1.44513292288145E+5
3.98948971475572,144105,1.44276566936852E+5,1.44465642951115E+5,1.44495536096002E+5,1.44503343334671E+5,1.44507965659028E+5
4.02966385702213,144210,1.44271116144358E+5,1.44467817397372E+5,1.44497948480599E+5,1.44499565037744E+5,1.44501706332607E+5
4.06983799928853,144346,1.44263850851889E+5,1.44469920620415E+5,1.44500233507259E+5,1.4449531319711E+5,1.44494304631068E+5
4.11001214155494,144011,1.442544436487E+5,1.44471955727317E+5,1.4450240011534E+5,1.44490513716359E+5,1.44485495193648E+5
4.15018628382135,144049,1.44242480486632E+5,1.44473925656238E+5,1.44504456471223E+5,1.44485077293763E+5,1.44474942169373E+5
4.19036042608775,143564,1.44227440272879E+5,1.44475833187385E+5,1.44506410046868E+5,1.44478895714161E+5,1.44462222428428E+5
4.23053456835416,143661,1.44208674129153E+5,1.44477680953163E+5,1.44508267689274E+5,1.44471837091602E+5,1.44446809499077E+5
4.27070871062057,143662,1.44185391313281E+5,1.44479471447551E+5,1.44510035682023E+5,1.44463739735978E+5,1.44428065551692E+5
4.31088285288697,144847,1.44156668403231E+5,1.44481207034805E+5,1.44511719799905E+5,1.44454404212636E+5,1.44405258459848E+5
4.35105699515338,144474,1.44121516844313E+5,1.44482889957513E+5,1.44513325357504E+5,1.44443583031914E+5,1.44377639601347E+5
4.39123113741978,143760,1.44079074414939E+5,1.44484522344082E+5,1.44514857252473E+5,1.44430967247098E+5,1.44344648675251E+5
4.43140527968619,144474,1.44029020276426E+5,1.4448610621568E+5,1.44516320004169E+5,1.44416169069883E+5,1.44306346090658E+5
4.4715794219526,144344,1.43972300372472E+5,1.44487643492696E+5,1.4451771778818E+5,1.44398699481609E+5,1.44264160713952E+5
4.511753564219,144274,1.43912050081957E+5,1.44489136000744E+5,1.44519054467251E+5,1.44377939855774E+5,1.44221840862153E+5
4.55192770648541,143630,1.4385404575211E+5,1.44490585476253E+5,1.44520333619021E+5,1.44353107117685E+5,1.44185940643115E+5
4.59210184875182,143597,1.43805399386338E+5,1.44491993571678E+5,1.4452155856094E+5,1.44323213632983E+5,1.44164554724701E+5
4.63227599101822,143788,1.43770913244022E+5,1.44493361860349E+5,1.4452273237269E+5,1.44287027297579E+5,1.44163712817368E+5
4.67245013328463,144332,1.43749331561962E+5,1.44494691841006E+5,1.44523857916385E+5,1.44243047162959E+5,1.44183655745575E+5
4.71262427555103,144440,1.43733203739315E+5,1.44495984942023E+5,1.44524937854806E+5,1.4418953093332E+5,1.4421867111313E+5
4.75279841781744,143490,1.43712617696043E+5,1.44497242525358E+5,1.44525974667875E+5,1.44124651668527E+5,1.44260669938246E+5
4.79297256008385,143233,1.43679360802886E+5,1.44498465890249E+5,1.44526970667566E+5,1.44046930593717E+5,1.44302914755318E+5
4.83314670235025,143906,1.43629299541472E+5,1.44499656276663E+5,1.44527928011419E+5,1.43956178599772E+5,1.44341457757581E+5
4.87332084461666,143428,1.43563658489443E+5,1.44500814868534E+5,1.44528848714797E+5,1.43855181893597E+5,1.44374734116479E+5
4.91349498688307,144111,1.43490356260961E+5,1.44501942796786E+5,1.44529734662034E+5,1.43751986676255E+5,1.44402613229849E+5
4.95366912914947,143207,1.43424769941269E+5,1.44503041142178E+5,1.44530587616563E+5,1.43661434116652E+5,1.44425628169839E+5
4.99384327141588,143491,1.43387092542861E+5,1.44504110937958E+5,1.44531409230153E+5,1.43602970886399E+5,1.44444522592314E+5
5.03401741368228,142874,1.43394135439462E+5,1.44505153172366E+5,1.44532201051325E+5,1.4359266915413E+5,1.44460033165604E+5
5.07419155594869,143138,1.43449648046702E+5,1.4450616879098E+5,1.44532964533044E+5,1.43633630580527E+5,1.44472805246115E+5
5.1143656982151,143816,1.43542189123048E+5,1.44507158698913E+5,1.44533701039739E+5,1.437138775731E+5,1.4448337291526E+5
5.1545398404815,143571,1.43652831578052E+5,1.4450812376289E+5,1.44534411853742E+5,1.4381405115263E+5,1.44492165912754E+5
5.19471398274791,143572,1.43764723284646E+5,1.44509064813194E+5,1.44535098181172E+5,1.43916955954001E+5,1.44499525440244E+5
5.23488812501432,143731,1.43867518297893E+5,1.44509982645497E+5,1.44535761157343E+5,1.44011974577425E+5,1.44505721021592E+5
5.27506226728072,144039,1.43956889397596E+5,1.4451087802259E+5,1.44536401851723E+5,1.44094565139045E+5,1.44510965488202E+5
5.31523640954713,144103,1.44032289175273E+5,1.44511751676003E+5,1.44537021272491E+5,1.44164010013016E+5,1.44515427317726E+5
5.35541055181353,144101,1.4409498129007E+5,1.44512604307544E+5,1.44537620370736E+5,1.44221437294302E+5,1.44519240421451E+5
5.39558469407994,144321,1.44146839233026E+5,1.4451343659074E+5,1.44538200044313E+5,1.44268611938835E+5,1.44522511763101E+5
5.43575883634635,144292,1.44189754298163E+5,1.44514249172201E+5,1.44538761141407E+5,1.44307337851523E+5,1.44525327236996E+5
5.47593297861275,143691,1.44225398848479E+5,1.44515042672906E+5,1.44539304463815E+5,1.44339216626835E+5,1.44527756188886E+5
5.51610712087916,143870,1.44255164653E+5,1.44515817689423E+5,1.44539830769982E+5,1.44365582403809E+5,1.44529854893749E+5
5.55628126314556,144813,1.44280175893772E+5,1.44516574795053E+5,1.44540340777802E+5,1.44387512187497E+5,1.44531669237383E+5
5.59645540541197,144975,1.44301327788799E+5,1.44517314540916E+5,1.44540835167209E+5,1.44405862393308E+5,1.44533236791329E+5
5.63662954767838,144268,1.44319329258057E+5,1.44518037456981E+5,1.44541314582585E+5,1.44421309897456E+5,1.44534588425E+5
5.67680368994478,144329,1.44334741352869E+5,1.44518744053034E+5,1.44541779634978E+5,1.44434389205212E+5,1.44535749563609E+5
5.71697783221119,144462,1.44348009113086E+5,1.445194348196E+5,1.44542230904171E+5,1.44445523319519E+5,1.44536741173761E+5
5.7571519744776,143725,1.44359486937849E+5,1.44520110228812E+5,1.44542668940594E+5,1.44455048333998E+5,1.44537580538408E+5
5.797326116744,144234,1.44369458385805E+5,1.44520770735239E+5,1.44543094267107E+5,1.4446323261961E+5,1.44538281867812E+5
5.83750025901041,143978,1.44378151478615E+5,1.44521416776665E+5,1.44543507380652E+5,1.44470291643465E+5,1.44538856781797E+5
5.87767440127681,144087,1.44385750485094E+5,1.44522048774833E+5,1.4454390875379E+5,1.44476399370377E+5,1.44539314690058E+5
5.91784854354322,144415,1.44392404993537E+5,1.44522667136146E+5,1.4454429883614E+5,1.44481697034348E+5,1.44539663090867E+5
5.95802268580963,143985,1.44398236909054E+5,1.44523272252337E+5,1.4454467805571E+5,1.44486299901402E+5,1.44539907803569E+5
5.99819682807603,144138,1.44403345866058E+5,1.44523864501103E+5,1.44545046820143E+5,1.44490302502252E+5,1.44540053146524E+5
6.03837097034244,143880,1.44407813428319E+5,1.44524444246704E+5,1.44545405517878E+5,1.4449378269854E+5,1.44540102069161E+5
6.07854511260885,144109,1.44411706357788E+5,1.44525011840538E+5,1.44545754519238E+5,1.44496804857487E+5,1.44540056244489E+5
6.11871925487525,144519,1.44415079163855E+5,1.44525567621683E+5,1.4454609417744E+5,1.44499422342193E+5,1.44539916126503E+5
6.15889339714166,144424,1.44417976092236E+5,1.44526111917416E+5,1.44546424829543E+5,1.44501679473959E+5,1.44539680975281E+5
6.19906753940806,143826,1.44420432673119E+5,1.44526645043702E+5,1.44546746797337E+5,1.4450361308486E+5,1.44539348851184E+5
6.23924168167447,144595,1.44422476918294E+5,1.44527167305662E+5,1.44547060388172E+5,1.4450525375022E+5,1.44538916578203E+5
6.27941582394088,144337,1.44424130234221E+5,1.44527678998022E+5,1.44547365895735E+5,1.44506626769188E+5,1.4453837967524E+5
6.31958996620728,144226,1.44425408100485E+5,1.44528180405533E+5,1.4454766360078E+5,1.44507752945458E+5,1.44537732252678E+5
6.35976410847369,144007,1.44426320549288E+5,1.44528671803376E+5,1.44547953771811E+5,1.44508649207927E+5,1.44536966870138E+5
6.3999382507401,143965,1.4442687247057E+5,1.4452915345755E+5,1.44548236665723E+5,1.44509329101775E+5,1.44536074349485E+5
6.4401123930065,144389,1.44427063757999E+5,1.44529625625233E+5,1.44548512528408E+5,1.44509803173249E+5,1.44535043535072E+5
6.48028653527291,143565,1.44426889302891E+5,1.44530088555138E+5,1.44548781595316E+5,1.44510079265889E+5,1.44533860990511E+5
6.52046067753931,144262,1.44426338835341E+5,1.44530542487843E+5,1.44549044091991E+5,1.44510162741508E+5,1.44532510617962E+5
6.56063481980572,144325,1.44425396604042E+5,1.4453098765611E+5,1.44549300234572E+5,1.4451005663573E+5,1.44530973181593E+5
6.60080896207213,144279,1.44424040877763E+5,1.4453142428519E+5,1.44549550230261E+5,1.44509761754968E+5,1.44529225711308E+5
6.64098310433853,144007,1.44422243241655E+5,1.44531852593113E+5,1.44549794277769E+5,1.44509276719237E+5,1.445272407555E+5
6.68115724660494,144059,1.4441996764971E+5,1.44532272790962E+5,1.44550032567736E+5,1.44508597953036E+5,1.44524985441939E+5
6.72133138887135,144721,1.44417169179819E+5,1.44532685083145E+5,1.4455026528312E+5,1.44507719624424E+5,1.44522420293093E+5
6.76150553113775,144125,1.44413792418777E+5,1.44533089667639E+5,1.44550492599574E+5,1.44506633530451E+5,1.44519497725077E+5
6.80167967340416,144325,1.44409769379697E+5,1.4453348673624E+5,1.44550714685793E+5,1.4450532892493E+5,1.44516160136697E+5
6.84185381567056,143753,1.44405016821545E+5,1.44533876474788E+5,1.44550931703847E+5,1.44503792282269E+5,1.44512337464605E+5
6.88202795793697,144729,1.44399432797467E+5,1.44534259063391E+5,1.44551143809494E+5,1.44502006988357E+5,1.44507944040188E+5
6.92220210020338,144183,1.44392892202076E+5,1.44534634676639E+5,1.44551351152475E+5,1.44499952946356E+5,1.44502874530571E+5
6.96237624246978,143324,1.44385241015052E+5,1.44535003483801E+5,1.44551553876791E+5,1.44497606081317E+5,1.44496998677107E+5
7.00255038473619,143708,1.44376288847092E+5,1.44535365649023E+5,1.44551752120974E+5,1.44494937722677E+5,1.44490154458382E+5
7.0427245270026,144635,1.44365799286608E+5,1.44535721331514E+5,1.44551946018329E+5,1.44491913837513E+5,1.44482139203216E+5
7.082898669269,143521,1.44353477434374E+5,1.44536070685722E+5,1.44552135697176E+5,1.44488494079442E+5,1.44472698075998E+5
7.12307281153541,144568,1.44338953938146E+5,1.44536413861503E+5,1.44552321281075E+5,1.44484630607785E+5,1.44461509291747E+5
7.16324695380181,144182,1.44321764899713E+5,1.44536751004288E+5,1.44552502889033E+5,1.44480266618071E+5,1.44448165492285E+5
7.20342109606822,144314,1.44301327455956E+5,1.44537082255238E+5,1.44552680635712E+5,1.44475334507257E+5,1.44432151161713E+5
7.24359523833463,143399,1.44276912148327E+5,1.44537407751393E+5,1.44552854631615E+5,1.44469753573526E+5,1.44412817295757E+5
7.28376938060103,144003,1.44247616482219E+5,1.44537727625817E+5,1.4455302498327E+5,1.44463427119333E+5,1.44389357857763E+5
7.32394352286744,144055,1.44212351519253E+5,1.44538042007736E+5,1.44553191793403E+5,1.44456238784779E+5,1.44360800037299E+5
7.36411766513385,144409,1.44169868908482E+5,1.44538351022671E+5,1.44553355161096E+5,1.44448047882839E+5,1.4432603594584E+5
7.40429180740025,144836,1.44118885320561E+5,1.44538654792565E+5,1.4455351518195E+5,1.44438683433826E+5,1.44283953016183E+5
7.44446594966666,144190,1.44058408733636E+5,1.44538953435903E+5,1.44553671948227E+5,1.44427936497929E+5,1.44233767955541E+5
7.48464009193306,143975,1.43988420349642E+5,1.44539247067833E+5,1.4455382554899E+5,1.44415550274783E+5,1.44175718561999E+5
7.52481423419947,143520,1.43911030573185E+5,1.44539535800276E+5,1.44553976070239E+5,1.44401207271038E+5,1.44112232535595E+5
7.56498837646588,144259,1.43831882717904E+5,1.44539819742035E+5,1.44554123595039E+5,1.44384512626595E+5,1.44049347858198E+5
7.60516251873228,143951,1.43760692302317E+5,1.445400989989E+5,1.44554268203634E+5,1.44364972443988E+5,1.43997273759758E+5
7.64533666099869,143631,1.43708960236787E+5,1.44540373673744E+5,1.44554409973571E+5,1.44341965716673E+5,1.43968131976763E+5
7.6855108032651,143247,1.43684279002943E+5,1.44540643866625E+5,1.44554548979801E+5,1.44314708300602E+5,1.43970298959879E+5
7.7256849455315,143893,1.43685016294203E+5,1.44540909674875E+5,1.4455468529479E+5,1.44282207569265E+5,1.44003134859237E+5
7.76585908779791,143838,1.43700696492801E+5,1.44541171193188E+5,1.44554818988614E+5,1.44243207515417E+5,1.44057419899546E+5
7.80603323006431,144001,1.43717601578381E+5,1.44541428513708E+5,1.44554950129056E+5,1.44196127392596E+5,1.44121016646985E+5
7.84620737233072,143818,1.43724047046734E+5,1.4454168172611E+5,1.44555078781694E+5,1.44139005227173E+5,1.44184202415721E+5
7.88638151459713,143523,1.43712159645195E+5,1.44541930917679E+5,1.44555205009991E+5,1.4406947606373E+5,1.44241468757758E+5
7.92655565686353,143702,1.43677186135884E+5,1.44542176173387E+5,1.44555328875373E+5,1.43984853390584E+5,1.44290748800504E+5
7.96672979912994,143462,1.4361639287733E+5,1.44542417575965E+5,1.44555450437312E+5,1.43882455129772E+5,1.44331990838245E+5
8.00690394139635,143049,1.43528785771502E+5,1.44542655205976E+5,1.44555569753397E+5,1.43760431836856E+5,1.44366050079238E+5
8.04707808366275,143256,1.43416179311057E+5,1.44542889141881E+5,1.44555686879406E+5,1.43619472567662E+5,1.44394051826072E+5
8.08725222592916,143672,1.43285757517346E+5,1.44543119460105E+5,1.44555801869379E+5,1.43465665881116E+5,1.4441709141071E+5
8.12742636819556,143124,1.43153386677869E+5,1.44543346235103E+5,1.44555914775677E+5,1.43313925642987E+5,1.44436121128066E+5
8.16760051046197,143888,1.43044813530617E+5,1.44543569539416E+5,1.44556025649049E+5,1.43189213196288E+5,1.44451926249827E+5
8.20777465272838,142915,1.42989943685078E+5,1.44543789443733E+5,1.44556134538691E+5,1.43120803166494E+5,1.44465137640123E+5
8.24794879499478,142960,1.43009016229618E+5,1.44544006016947E+5,1.44556241492302E+5,1.43128433838803E+5,1.44476255985529E+5
8.28812293726119,142309,1.43100142202048E+5,1.44544219326211E+5,1.4455634655614E+5,1.43209820492365E+5,1.44485676931295E+5
8.3282970795276,144034,1.43240884033959E+5,1.44544429436987E+5,1.44556449775074E+5,1.43342212737761E+5,1.44493713188101E+5
8.368471221794,143246,1.43402157432237E+5,1.44544636413101E+5,1.44556551192632E+5,1.4349627828486E+5,1.44500612645608E+5
8.40864536406041,143059,1.43560934889038E+5,1.44544840316789E+5,1.44556650851055E+5,1.43648792118507E+5,1.4450657270665E+5
8.44881950632681,144113,1.43704351438259E+5,1.44545041208747E+5,1.44556748791337E+5,1.43786731107982E+5,1.44511751434157E+5
8.48899364859322,144240,1.43827734556786E+5,1.44545239148174E+5,1.44556845053272E+5,1.43905295309396E+5,1.44516276149907E+5
8.52916779085963,144043,1.43931163000462E+5,1.44545434192818E+5,1.44556939675495E+5,1.4400446018556E+5,1.44520250050552E+5
8.56934193312603,144021,1.44016827040547E+5,1.44545626399018E+5,1.44557032695526E+5,1.44086331748047E+5,1.4452375730192E+5
8.60951607539244,144222,1.44087522972133E+5,1.44545815821744E+5,1.44557124149802E+5,1.44153637131851E+5,1.44526866972699E+5
8.64969021765885,143729,1.44145949045568E+5,1.44546002514641E+5,1.44557214073723E+5,1.44209017476778E+5,1.44529636084389E+5
8.68986435992525,144766,1.44194443793334E+5,1.44546186530062E+5,1.44557302501681E+5,1.44254763877882E+5,1.44532111987673E+5
8.73003850219166,144885,1.44234934018548E+5,1.44546367919108E+5,1.44557389467097E+5,1.44292763512426E+5,1.44534334223881E+5
8.77021264445806,144837,1.44268968287646E+5,1.44546546731662E+5,1.44557475002454E+5,1.4432453166618E+5,1.44536335991313E+5
8.81038678672447,145121,1.44297777029748E+5,1.44546723016429E+5,1.4455755913933E+5,1.44351270671076E+5,1.44538145306877E+5
8.85056092899088,144007,1.44322334122597E+5,1.44546896820961E+5,1.44557641908426E+5,1.4437393056557E+5,1.44539785931605E+5
8.89073507125728,144916,1.44343410820559E+5,1.44547068191696E+5,1.44557723339594E+5,1.44393262281023E+5,1.44541278112209E+5
8.93090921352369,144235,1.44361619868012E+5,1.44547237173989E+5,1.44557803461871E+5,1.44409861157604E+5,1.44542639178511E+5
8.9710833557901,144937,1.44377450394407E+5,1.44547403812139E+5,1.44557882303501E+5,1.44424201355369E+5,1.44543884027361E+5
9.0112574980565,144811,1.44391295058359E+5,1.44547568149419E+5,1.44557959891962E+5,1.44436662604288E+5,1.44545025516653E+5
9.05143164032291,144258,1.44403471002126E+5,1.44547730228108E+5,1.44558036253992E+5,1.4444755083623E+5,1.44546074787761E+5
9.09160578258931,144077,1.44414235991096E+5,1.44547890089513E+5,1.44558111415611E+5,1.44457114059239E+5,1.44547041530697E+5
9.13177992485572,145032,1.44423800856762E+5,1.44548047774002E+5,1.44558185402147E+5,1.44465554581397E+5,1.4454793420318E+5
9.17195406712213,144402,1.44432339118519E+5,1.44548203321023E+5,1.44558258238256E+5,1.44473038450751E+5,1.44548760212453E+5
9.21212820938853,144086,1.44439994455485E+5,1.44548356769134E+5,1.44558329947946E+5,1.44479702775525E+5,1.44549526066844E+5
9.25230235165494,144558,1.44446886537825E+5,1.44548508156026E+5,1.44558400554592E+5,1.4448566142854E+5,1.4455023750263E+5
9.29247649392135,145281,1.4445311560258E+5,1.44548657518544E+5,1.44558470080964E+5,1.44491009516374E+5,1.44550899590662E+5
9.33265063618775,144336,1.44458766064722E+5,1.44548804892712E+5,1.44558538549238E+5,1.44495826900415E+5,1.44551516826321E+5
9.37282477845416,144419,1.44463909383288E+5,1.44548950313754E+5,1.44558605981021E+5,1.44500180986769E+5,1.44552093205709E+5
9.41299892072056,144909,1.44468606349364E+5,1.44549093816116E+5,1.44558672397364E+5,1.44504128949459E+5,1.44552632290389E+5
9.45317306298697,144818,1.44472908922929E+5,1.44549235433487E+5,1.44558737818782E+5,1.44507719512008E+5,1.44553137262615E+5
9.49334720525338,144330,1.44476861715716E+5,1.44549375198817E+5,1.4455880226527E+5,1.44510994383017E+5,1.44553610972575E+5
9.53352134751978,144350,1.44480503194795E+5,1.44549513144337E+5,1.44558865756317E+5,1.44513989419144E+5,1.4455405597896E+5
9.57369548978619,144727,1.44483866664607E+5,1.4454964930158E+5,1.44558928310924E+5,1.44516735572184E+5,1.44554474583883E+5
9.6138696320526,144784,1.44486981072306E+5,1.44549783701395E+5,1.44558989947617E+5,1.44519259664209E+5,1.44554868863049E+5
9.654043774319,144844,1.44489871671431E+5,1.4454991637397E+5,1.44559050684462E+5,1.44521585025087E+5,1.44555240691875E+5
9.69421791658541,143880,1.44492560571417E+5,1.44550047348844E+5,1.44559110539078E+5,1.44523732019276E+5,1.44555591768184E+5
9.73439205885181,144465,1.44495067194656E+5,1.44550176654927E+5,1.44559169528651E+5,1.44525718483085E+5,1.44555923631957E+5
9.77456620111822,144337,1.44497408658308E+5,1.44550304320513E+5,1.44559227669947E+5,1.4452756008922E+5,1.44556237682591E+5
9.81474034338463,144247,1.44499600094612E+5,1.44550430373301E+5,1.44559284979324E+5,1.44529270651963E+5,1.44556535193988E+5
9.85491448565103,144852,1.44501654920678E+5,1.44550554840402E+5,1.44559341472744E+5,1.44530862383688E+5,1.44556817327808E+5
9.89508862791744,144795,1.44503585066608E+5,1.44550677748363E+5,1.44559397165784E+5,1.44532346111312E+5,1.44557085145113E+5
9.93526277018385,144757,1.44505401169112E+5,1.44550799123173E+5,1.44559452073649E+5,1.44533731459622E+5,1.44557339616631E+5
9.97543691245025,144653,1.44507112736421E+5,1.44550918990283E+5,1.4455950621118E+5,1.44535027007092E+5,1.44557581631829E+5
1.00156110547166E+1,144581,1.44508728289243E+5,1.44551037374616E+5,1.44559559592865E+5,1.44536240418791E+5,1.44557812006934E+5
1.0055785196983E+1,144257,1.44510255481636E+5,1.4455115430058E+5,1.44559612232853E+5,1.44537378560116E+5,1.44558031492051E+5
1.00959593392494E+1,144128,1.44511701204997E+5,1.44551269792085E+5,1.44559664144958E+5,1.4453844759443E+5,1.44558240777488E+5
1.01361334815158E+1,144694,1.44513071677795E+5,1.44551383872548E+5,1.44559715342672E+5,1.44539453067148E+5,1.44558440499392E+5
1.01763076237822E+1,144406,1.44514372523238E+5,1.44551496564911E+5,1.44559765839173E+5,1.44540399978351E+5,1.44558631244766E+5
1.02164817660486E+1,144419,1.44515608836683E+5,1.44551607891651E+5,1.44559815647333E+5,1.44541292845696E+5,1.44558813555966E+5
1.02566559083151E+1,144708,1.44516785244311E+5,1.44551717874792E+5,1.4455986477973E+5,1.44542135759042E+5,1.44558987934711E+5

HISTORY: 2000ZXIVT135-4A-48#_ORIGINAL-72000COUNTS.MOS=>FOLD(516.5)=>CAL(-FE-87500_(1))
SPACE: MEASURED
MOSSWINN FORMAT: 1
TITLE OF X AXIS: <i>v</i> [mm/s]
TITLE OF Y AXIS: Counts
SETWIN: FFFTTTFFFTFTFFFF0

{SPARS.BEGIN}
ANCESTOR WINDOW => 2000ZXIVT135-4A-48#_ORIGINAL-72000COUNTS.DAT
DATE OF FIRST LOAD => 2024.10.09.Wednesday.11.06.57
IS REFERENCE => Alpha Iron
MEASUREMENT GEOMETRY => TMS
MOSSBAUER NUCLIDE => 57Fe
{SPARS.END}

MOSSWINN FIT REPORT
2025.03.22.Saturday.19.29.22
Chisquare => 512.5183
Normalized Chisquare => 1.0354
Total spectral area => 23180.79300302
Base Line . Base Line => 144565.30703465 (StD=35.6)
FE(III)Doublet (GXL) => 56.4 % ~/S
FE(III)Doublet (GXL) . AMPLITUDE => 6535.65682647 (StD=167.4)
FE(III)Doublet (GXL) . ISOMER SHIFT => 0.20187446 (StD=0.006883)
FE(III)Doublet (GXL) . Q. SPLITTING => 1.02464233 (StD=0.01442)
FE(III)Doublet (GXL) . LINE WIDTH => 0.65597118 (StD=0.02133)
Fe(II)Doublet (GXL) => 16.9 % ~/S
Fe(II)Doublet (GXL) . AMPLITUDE => 1964.26612914 (StD=202.10)
Fe(II)Doublet (GXL) . ISOMER SHIFT => 0.96896240 (StD=0.02679)
Fe(II)Doublet (GXL) . Q. SPLITTING => 2.09341377 (StD=0.05435)
Fe(II)Doublet (GXL) . LINE WIDTH => 0.72390073 (StD=0.08574)
Mixed M+Q (1) => 18.9 % ~/S
Mixed M+Q (1) . AMPLITUDE => 364.41262222 (StD=37.31)
Mixed M+Q (1) . ISOMER SHIFT => 0.26297296 (StD=0.017886)
Mixed M+Q (1) . MAGNETIC FIELD [T] => 50.07116009 (StD=0.127)
Mixed M+Q (1) . Q. SPLITTING => -0.18815752 (StD=0.035282)
Mixed M+Q (1) . LINE WIDTH => 0.48200141 (StD=0.05530)
Magnetic (2) =>  7.8 % ~/S
Magnetic (2) . AMPLITUDE => 150.66630209 (StD=24.080)
Magnetic (2) . ISOMER SHIFT => 0.41857388 (StD=0.04140)
Magnetic (2) . MAGNETIC FIELD [T] => 45.03064094 (StD=0.311)
Magnetic (2) . LINE WIDTH => 0.48200141 (StD=0.05530)
.END.

~SGM
1
MODELGROUP: GENERAL
AREAMODE: YES
CHIMODE: 1
CHITOTAL: 512.5182721009
~INSIGHTS
~INSEND

~SFN
SELF

~SPECTRUM
CONVTYPE: NO
SBN: 4
TSA: 23180.7930030275
CHIVAL: 512.5182721009
TISLS: 1

~CALINFO
AC: NO
NT: 57Fe
MT: Rhodium
AT: Alpha Iron
ISR: Alpha Iron
SWF: NO
FLD: YES
FCN: YES
~CLCAL

~SUBSPECTRUM
NM: Velocity Axis
FXN: NO
CD: 1
SRCD: 0
SO: 
IN: 0
DP: 0
PLW: 0
PVA: 0
LT: 1
UPO: NO
UMP: NO
AN: 0
PN: 0
WN: 0
EN: 0
LLN: 0
~CLSUB

~SUBSPECTRUM
NM: Base Line
FXN: NO
CD: 2
SRCD: 0
SO: 57Fe
IN: 0
DP: 0
PLW: 0
PVA: 0
LT: 1
UPO: NO
UMP: NO
AN: 1
PN: 0
WN: 0
EN: 0
LLN: 0

~PARAMETER
NM: Base Line
VL: 144565.3070346545
STD: 35.6018573651
OP: NO
FX: 0
DT: 0
SR: NO
FSR: 0
DTSR: 0

~RST
RLN: 1
0
143998.095677
147049.904322
~CLSUB

~SUBSPECTRUM
NM: FE(III)Doublet (GXL)
FXN: NO
CD: 3
SRCD: 0
SO: 57Fe
SAP: 0.5638855259
IN: 2
DP: 0
PLW: 0
PVA: 0
LT: 1
UPO: YES
UMP: NO
AN: 1
PN: 2
WN: 1
EN: 0
LLN: 2
~AMX
1
1
~PMX
1
1
-0.5
0.5
~WMX
1
1

~PARAMETER
NM: AMPLITUDE
VL: 6535.6568264792
STD: 167.3539299849
OP: NO
FX: 0
DT: 0
SR: NO
FSR: 0
DTSR: 0

~RST
RLN: 1
0
0
18736.782798

~PARAMETER
NM: ISOMER SHIFT
VL: 0.2018744689
STD: 0.0068832262
OP: NO
FX: 0
DT: 0
SR: NO
FSR: 0
DTSR: 0

~RST
RLN: 2
0
0
0.5
10
0
0

~PARAMETER
NM: Q. SPLITTING
VL: 1.0246423322
STD: 0.0144185826
OP: NO
FX: 0
DT: 0
SR: NO
FSR: 0
DTSR: 0

~RST
RLN: 2
0
0.5
1.5
10
0
0

~PARAMETER
NM: LINE WIDTH
VL: 0.6559711862
STD: 0.0213295225
OP: NO
FX: 0
DT: 0
SR: NO
FSR: 0
DTSR: 0

~RST
RLN: 1
0
0.194
0.582
~CLSUB

~SUBSPECTRUM
NM: Fe(II)Doublet (GXL)
FXN: NO
CD: 4
SRCD: 0
SO: 57Fe
SAP: 0.1694735921
IN: 2
DP: 0
PLW: 0
PVA: 0
LT: 1
UPO: YES
UMP: NO
AN: 1
PN: 2
WN: 1
EN: 0
LLN: 2
~AMX
1
1
~PMX
1
1
-0.5
0.5
~WMX
1
1

~PARAMETER
NM: AMPLITUDE
VL: 1964.2661291419
STD: 202.1006053303
OP: NO
FX: 0
DT: 0
SR: NO
FSR: 0
DTSR: 0

~RST
RLN: 1
0
0
18736.782798

~PARAMETER
NM: ISOMER SHIFT
VL: 0.9689624037
STD: 0.0267948789
OP: NO
FX: 0
DT: 0
SR: NO
FSR: 0
DTSR: 0

~RST
RLN: 2
0
0.5
1.5
10
0
0

~PARAMETER
NM: Q. SPLITTING
VL: 2.0934137774
STD: 0.0543535532
OP: NO
FX: 0
DT: 0
SR: NO
FSR: 0
DTSR: 0

~RST
RLN: 2
0
1.5
2.5
10
0
0

~PARAMETER
NM: LINE WIDTH
VL: 0.7239007349
STD: 0.0857425308
OP: NO
FX: 0
DT: 0
SR: NO
FSR: 0
DTSR: 0

~RST
RLN: 1
0
0.194
0.582
~CLSUB

~SUBSPECTRUM
NM: Mixed M+Q (1)
FXN: NO
CD: 5
SRCD: 0
SO: 57Fe
SAP: 0.1886454646
IN: 4
DP: 0
PLW: 0
PVA: 0
LT: 1
UPO: YES
UMP: NO
AN: 1
PN: 3
WN: 1
EN: 0
LLN: 6
~AMX
3
2
1
1
2
3
~PMX
1
1
1
1
1
1
-0.160874406
-0.093160281
-0.025446156
0.025446156
0.093160281
0.160874406
0.5
-0.5
-0.5
-0.5
-0.5
0.5
~WMX
1
1
1
1
1
1

~PARAMETER
NM: AMPLITUDE
VL: 364.4126222205
STD: 37.3073894532
OP: NO
FX: 0
DT: 0
SR: NO
FSR: 0
DTSR: 0

~RST
RLN: 1
0
0
6245.594266

~PARAMETER
NM: ISOMER SHIFT
VL: 0.2629729687
STD: 0.0178856348
OP: NO
FX: 0
DT: 0
SR: NO
FSR: 0
DTSR: 0

~RST
RLN: 2
0
0
0.5
10
0
0

~PARAMETER
NM: MAGNETIC FIELD [T]
VL: 50.0711600965
STD: 0.1266858019
OP: NO
FX: 0
DT: 0
SR: NO
FSR: 0
DTSR: 0

~RST
RLN: 1
0
0
63.991683

~PARAMETER
NM: Q. SPLITTING
VL: -0.1881575288
STD: 0.0352824642
OP: NO
FX: 0
DT: 0
SR: NO
FSR: 0
DTSR: 0

~RST
RLN: 1
0
-4.105797
4.105797

~PARAMETER
NM: LINE WIDTH
VL: 0.4820014153
STD: 0.0553001232
OP: NO
FX: 0
DT: 0
SR: NO
FSR: 0
DTSR: 0

~RST
RLN: 1
0
0.194
0.582
~CLSUB

~SUBSPECTRUM
NM: Magnetic (2)
FXN: NO
CD: 6
SRCD: 0
SO: 57Fe
SAP: 0.0779954174
IN: 3
DP: 0
PLW: 0
PVA: 0
LT: 1
UPO: YES
UMP: NO
AN: 1
PN: 2
WN: 1
EN: 0
LLN: 6
~AMX
3
2
1
1
2
3
~PMX
1
1
1
1
1
1
-0.160874406
-0.093160281
-0.025446156
0.025446156
0.093160281
0.160874406
~WMX
1
1
1
1
1
1

~PARAMETER
NM: AMPLITUDE
VL: 150.666302095
STD: 24.079780677
OP: NO
FX: 0
DT: 0
SR: NO
FSR: 0
DTSR: 0

~RST
RLN: 1
0
0
6245.6

~PARAMETER
NM: ISOMER SHIFT
VL: 0.4185738876
STD: 0.0413961705
OP: NO
FX: 0
DT: 0
SR: NO
FSR: 0
DTSR: 0

~RST
RLN: 2
0
0
1
10
0
0

~PARAMETER
NM: MAGNETIC FIELD [T]
VL: 45.0306409413
STD: 0.3108551244
OP: NO
FX: 0
DT: 0
SR: NO
FSR: 0
DTSR: 0

~RST
RLN: 1
0
0
63.991683

~PARAMETER
NM: LINE WIDTH
VL: 0.4820014153
STD: 0.0553001232
OP: NO
FX: 0
DT: 1,X,3,5
SR: NO
FSR: 0
DTSR: 0

~RST
RLN: 1
0
0.194
0.582
~CLSUB
~CLSP
~ENDSGM
